contest_id,handle,old_rating,new_rating
1443,KanbeKotori,921,1577
1443,BJoozz,1565,1926
1443,clam,0,904
1443,ufds_siiii,1823,2078
1443,Lost_Deviation,1878,2103
1443,hina_amano,655,1327
1443,NinevskiyKN,1611,1905
1443,RayLee234,918,1507
1443,sam.rei,1206,1688
1443,undecember,1723,1960
1443,king7282,1837,2033
1443,CraniXort,1853,2040
1443,Shershnyaga,1867,2045
1443,XG21,1866,2041
1443,z26y25,1892,2056
1443,ujju_is_leaving_cp,599,1240
1443,ShinigamiCHOP,1827,2004
1443,Leung-0ng,1764,1958
1443,Ahmadsm2005,1828,2000
1443,NIGULASIOUYANG1,1645,1873
1443,Eptnes,1889,2037
1443,Feng,1784,1962
1443,kens,1873,2022
1443,tabae326,1823,1985
1443,ChickenInKitchen,1816,1978
1443,hashlib,1886,2025
1443,_______,1781,1950
1443,Mellor,1897,2029
1443,fixikmila1,1692,1886
1443,beng1998,1859,1999
1443,thhhty,1707,1927
1443,Nutella3001,1880,2011
1443,rhdeng,1876,2006
1443,2018liuzhiyuan,1872,2002
1443,mdhivagar09,1833,1973
1443,white_album2,1686,1871
1443,mlihua09,1672,1860
1443,Joo_,1870,1995
1443,zzz_txdy,1587,1856
1443,LJlessthanme,1775,1926
1443,mnprt,1798,1941
1443,d_i_m_a,1879,1997
1443,daut-dlang,1391,1671
1443,EvgeniyPonasenkov,1838,1966
1443,Anastasia_Yun,1833,1961
1443,chen_zhe_,1372,1699
1443,jerdno,1899,2005
1443,yahia,1899,2004
1443,Pine1999,1869,1981
1443,jorgeduarte,1878,1987
1443,AquaMoon,1725,1880
1443,shehebe,1780,1917
1443,idc123,1877,1984
1443,ChinmayKarnik,1787,1920
1443,avnyu,1788,1920
1443,imdywmwbeiwutb,1862,1971
1443,jenishmonpara,1690,1851
1443,SpringsVGC,1697,1855
1443,iwriaw,1874,1977
1443,the_hyp0cr1t3,1887,1985
1443,sauravsihag,1747,1886
1443,FYL2020,1883,1981
1443,num73,1818,1934
1443,EJOI_Gold,1651,1818
1443,AsunderSquall,1628,1802
1443,vivek8420,1795,1915
1443,Igor_Parfenov,1879,1974
1443,marcipan5000,1719,1861
1443,2020akadaver,1828,1936
1443,Daas,660,1203
1443,Harshu2608,1777,1899
1443,L_lawliet27,1762,1888
1443,yjxKawaii,1403,1697
1443,fitisovartyom123,1671,1824
1443,sawa855,1528,1729
1443,Kira_1234,1807,1917
1443,sosijopy,1563,1750
1443,ace25,1776,1894
1443,KahanHai,1852,1947
1443,FystyFST,622,1171
1443,TimKo,1750,1874
1443,n.grechiha,1694,1835
1443,SiDE,1792,1902
1443,palilo,1823,1923
1443,akkipoonia,1565,1746
1443,professor_flux,1899,1975
1443,Infipro,1678,1821
1443,Radman_,1786,1895
1443,hopesanddreams,1511,1708
1443,SaraMajidi,1828,1923
1443,MatrixBuilder,1875,1956
1443,vrooooom,1743,1863
1443,YannLiu,1866,1948
1443,comotbannucute,1822,1952
1443,KhaledRezk,1824,1918
1443,stelkasouridis,1799,1899
1443,sathvik_kasam,1768,1877
1443,Redsquanium,1867,1946
1443,node.junseong,601,1146
1443,W1ld_Lotus,1806,1902
1443,Hasnaine_,1872,1949
1443,Dong_pope,1658,1799
1443,toolist,0,729
1443,unputdownable,1546,1723
1443,01eg,1804,1899
1443,hrynb2,1865,1942
1443,noobiesAG,1757,1865
1443,Luca,1881,1952
1443,coderanant,1710,1831
1443,Cube219,1777,1878
1443,midnoon,1826,1912
1443,1729iq,1645,1786
1443,erray,1792,1887
1443,deepkamal,1705,1826
1443,Hallucinationnnnnn,1865,1938
1443,mjhmjh1104,1809,1897
1443,Gorgo,1644,1783
1443,damir.achokh,1190,1491
1443,emory,791,1263
1443,VesselinMarkovich,730,1222
1443,Tatsuyaaaa,1602,1752
1443,bandiaoz,1748,1851
1443,Rebro,1856,1928
1443,hakr_2104,1781,1874
1443,vishalbabani28,1700,1817
1443,trl777,1817,1899
1443,spoil_sport,1854,1925
1443,glancing_back,1896,1954
1443,AlanSkarica,1885,1946
1443,tomato_potato,1696,1813
1443,N7T7,1786,1875
1443,usuyus,1538,1705
1443,_c_k_r_,1774,1866
1443,zdxnb,951,1380
1443,smax,1803,1885
1443,its_sandy,1869,1932
1443,kud,1607,1749
1443,AK....,1685,1802
1443,peter9the6ghost,1638,1769
1443,i.trofimow,1793,1876
1443,Alfeh,1855,1920
1443,Zeus_459,1246,1556
1443,FedericoII,1732,1832
1443,haibara_,1867,1928
1443,zhangjianjuncd,1708,1850
1443,leapfrog,1828,1899
1443,Annchoys,1773,1860
1443,dotoleeoak,1755,1847
1443,Ganesh_aggarwal,1838,1905
1443,FenWick,1452,1641
1443,unhidden_tesla-_-,1556,1709
1443,huxch135,1891,1942
1443,loulingli,1629,1758
1443,alengbao,1720,1820
1443,HeroToXero,1759,1847
1443,jimm89,1801,1876
1443,Black_Goku,1780,1861
1443,alecs,1206,1483
1443,zzm824,1583,1777
1443,Caelum,1602,1736
1443,ningBr,1790,1866
1443,DrCold,1137,1476
1443,echozhou,1825,1891
1443,nanocosmos,1749,1837
1443,crazy_fz,1534,1690
1443,_Yezhik_,1475,1650
1443,KunKunZi,1482,1654
1443,dMcK,1534,1689
1443,Lower-Bound,499,1049
1443,swimmerstar,1667,1778
1443,Rogue33,1895,1939
1443,Corleones,1795,1867
1443,qu_bit,1611,1739
1443,alaraxia,1394,1595
1443,minhnguyenxuan60,1718,1812
1443,zhrrrr,1892,1935
1443,overshadowed,1717,1810
1443,MoliH97,1747,1831
1443,armypellegrini,1879,1925
1443,idk321,1688,1789
1443,ET2819,1612,1737
1443,akashks,1811,1875
1443,tiagoshibata,1867,1915
1443,Ahmad-Magdy,1558,1699
1443,YPK,1581,1715
1443,lyukefan,626,1127
1443,MadhuramJ,1706,1800
1443,mars4,1788,1857
1443,shukun,1817,1878
1443,new_kioc1,1829,1886
1443,coding_master,1541,1686
1443,BayMaxx_201,1497,1656
1443,MikuNotFoundException,1810,1871
1443,Saacoota,1821,1879
1443,Thrasio,1630,1745
1443,cjc,1740,1821
1443,-this-is-obd-,1756,1832
1443,Funnymudpee,1541,1684
1443,300_are_queue,1277,1512
1443,xing_mo,1733,1815
1443,lqx123123,1547,1687
1443,chaitanya,1818,1875
1443,SSYernar,1713,1800
1443,Menna-Allah05,1794,1857
1443,StormAlong,0,689
1443,UNOwen98,1648,1754
1443,hack_the_king,1705,1794
1443,ProfGiri,1895,1929
1443,fairy_lettuce,1684,1779
1443,Takagi,1709,1796
1443,rust_in_peace,1846,1893
1443,Albertenok,1290,1517
1443,gothic_kobra,1789,1851
1443,Crystally,1833,1883
1443,spookywooky,1788,1850
1443,kobebryan9,1767,1835
1443,LarryNY,1898,1929
1443,Arkham_Knight,1771,1837
1443,zzu_AC_Jobim,1519,1663
1443,Atses,1353,1632
1443,Dylon,1802,1859
1443,Amii,1770,1894
1443,shuyefan,1775,1839
1443,Fallen-leaves,1401,1584
1443,m.shreyansh,1833,1880
1443,ujjawalpabreja99,1898,1927
1443,AhmadHassan,1656,1754
1443,All1gator,1698,1783
1443,catforces,1758,1825
1443,trouble...,1754,1822
1443,senitapqan,1740,1812
1443,Tarsal-has-unavailabe,1512,1655
1443,Autobus,1813,1864
1443,scales,1818,1867
1443,Karavaiev,1818,1866
1443,GolubevVA,1895,1922
1443,InaMinaDika,1765,1829
1443,Ali_Tavakoli,1781,1840
1443,zorianka,1595,1710
1443,wgx666,1658,1752
1443,ricardo_yu,1397,1577
1443,raj_gondalia,1662,1755
1443,yur3k,1834,1877
1443,Kurisuzzz,1720,1795
1443,keroker0,1696,1778
1443,Guslix,1889,1916
1443,ebaalhuis,1830,1873
1443,M0jo,1839,1879
1443,Etheremn,1873,1940
1443,nguyenhoangminh318,1640,1738
1443,I_love_geom,1711,1787
1443,stostap,1870,1901
1443,vok8,1828,1870
1443,pavlovoleg4889,1872,1902
1443,Tima2,1805,1854
1443,Ununus,1815,1860
1443,OctoBronze,1818,1862
1443,zzzz-,1688,1770
1443,ohuton_labo,1843,1880
1443,adamjamil,1881,1908
1443,Saitama762,1844,1881
1443,piddddgy,1567,1686
1443,BuzzLightyear,1507,1678
1443,jisoofan,1690,1770
1443,LoneyShadow,1068,1419
1443,yycdxp,1840,1877
1443,Gemini7X,1599,1706
1443,GeorgeRaouf,1707,1781
1443,jz_597,1650,1741
1443,YanBee,1503,1640
1443,sahilshelangia,1767,1823
1443,hmf123,1835,1871
1443,jcp,1698,1774
1443,AhmedGhazaly,1628,1724
1443,lior5654,1836,1872
1443,1900soon,1738,1802
1443,Phoenix_zenghao,1674,1756
1443,kegra,1765,1820
1443,b0tan,1818,1858
1443,Dean_student,1707,1779
1443,Hitik,1675,1756
1443,techno_crate,0,669
1443,MatlabKuchBhiNa,623,1101
1443,MahiruShiina,1740,1801
1443,Qian_2333,1450,1601
1443,fall.in.love,1686,1763
1443,HUMAN_,1404,1621
1443,lrhug,1452,1654
1443,angrybird7090,1702,1773
1443,Fuck_KiryuCoco,603,1086
1443,SingerCoder,1887,1906
1443,vasilykuzmin22,1793,1838
1443,jhkoh,1771,1822
1443,_another_alwcod_nn,511,1024
1443,D4nnyLee,1194,1480
1443,nob,1450,1599
1443,fxhd,1770,1856
1443,double,1727,1789
1443,Tet,1791,1835
1443,helth,1850,1877
1443,AmirrzwM,1651,1735
1443,syzf2222,1536,1656
1443,blackbird137,1646,1731
1443,TheGodofTVSeries,1782,1827
1443,muoshuo,1814,1850
1443,tonyu0,1679,1754
1443,try_agian,1674,1750
1443,pk_luffy,1717,1781
1443,yuji9511,1848,1875
1443,fake_name,1669,1746
1443,fcba,1853,1878
1443,sajibreadd,1810,1846
1443,Contna,1849,1874
1443,gs20098,0,663
1443,balakrishnan,1864,1885
1443,Suri429,1740,1795
1443,mdsaqib,1573,1678
1443,rabbitsthecat,1650,1731
1443,paolofederico1,1789,1829
1443,Sasha008,1698,1765
1443,ctq1999,1411,1568
1443,panda211panda,1681,1752
1443,emil18,1494,1623
1443,zxg,1677,1749
1443,Komershan,1739,1793
1443,Pecco,1839,1865
1443,Its_Easy,1780,1822
1443,magnus.hegdahl,1616,1706
1443,MixxCP3,1505,1630
1443,Gaurav1,1608,1700
1443,nghethuat102,1783,1824
1443,divyamsingal01,1772,1815
1443,AK.,1753,1802
1443,ToanLe,1830,1857
1443,ChiEnChung,1411,1617
1443,caan_do,1561,1666
1443,Doncic,1894,1903
1443,asfd221,1889,1900
1443,paispls,1716,1774
1443,KYoA_A,1016,1369
1443,CNik,1658,1732
1443,jamesbang,1039,1367
1443,Pinkyhead,1784,1822
1443,zxtt,1708,1768
1443,Shou_ko,1791,1827
1443,whiteedu,983,1345
1443,Texas,1819,1847
1443,KameHameHaa,892,1283
1443,Theophania,1612,1699
1443,BrehamPie,1820,1847
1443,pulkit14,1768,1809
1443,mostyka,1511,1629
1443,liberShip,1847,1866
1443,TarunSinghania7,1401,1555
1443,ybweybwe,1723,1776
1443,cherish_lin,1757,1800
1443,aniks2645,1598,1688
1443,ggdwbg,1611,1697
1443,soda_bottle,358,912
1443,epcgmein,1487,1645
1443,Helman,1491,1615
1443,a.wang,1699,1758
1443,jonatas57,1789,1822
1443,magi1999,1780,1816
1443,Milashka,1683,1746
1443,sanjay_thiru,1642,1716
1443,decltypo,1746,1791
1443,DXTsT,1783,1817
1443,navs0806,1777,1813
1443,luckystar333,495,998
1443,PROTIV_VSEKH,1887,1893
1443,Priyansh31dec,1834,1854
1443,HungHocHoi,1471,1599
1443,its_yo_boi_sundar_pichai,1802,1830
1443,buddy_king,1571,1667
1443,siddhant1,1642,1715
1443,RowerthDrake,1625,1703
1443,Vintarel,1790,1821
1443,chick_magnet,1418,1562
1443,DanTheMan.,1545,1648
1443,hple,1515,1661
1443,vikramaditya8,1724,1773
1443,wolfrevo,1791,1821
1443,duchung,1353,1518
1443,YazanKhalil,1349,1516
1443,longcontest,1626,1702
1443,blasi,1355,1519
1443,LBR_,1840,1856
1443,yingluosanqian,1713,1764
1443,ReTlaCe,1647,1717
1443,Abhigyan12,1636,1709
1443,Mejor_estudiante,1786,1816
1443,Abbess,1706,1758
1443,HasegawaNanako,1881,1886
1443,Manvendra256,1827,1846
1443,acm2k__,1760,1797
1443,Abhijeet8901,1713,1763
1443,i_love_my_mom,1427,1565
1443,adhvana,1663,1727
1443,saminrahmankhan,1724,1770
1443,farhanshahoriar,1583,1671
1443,jeroenodb,1844,1857
1443,kirill_strelbitskiy,1635,1707
1443,run_with_the_wind,1777,1808
1443,ut99,1679,1737
1443,maverick6130,1569,1695
1443,FrozenGuardian3,1163,1462
1443,Boboge,1756,1792
1443,AngelKnows,1663,1725
1443,ZFJprgkiller,1749,1787
1443,cocopalm,1754,1790
1443,Ebiarat,1367,1523
1443,ppikapika,0,645
1443,garam1732,1740,1779
1443,IcantComeUpWithOrigName,1551,1646
1443,tt89,1594,1676
1443,anhng,1555,1649
1443,t17,1622,1695
1443,who...is...this,1507,1616
1443,samau07012005,1884,1884
1443,PrimeK,1813,1831
1443,divrthor345,1461,1584
1443,Thunder_Breathing,1693,1745
1443,n-i-t-i-s-h,1603,1681
1443,melnikov_i,1647,1712
1443,GeorgeMaharis,1718,1763
1443,Manariea,1885,1883
1443,TheLastHope,1094,1348
1443,changez,1832,1844
1443,rohitkv77,1720,1763
1443,wind_cross,1742,1779
1443,Irene,1829,1842
1443,bhagwa_brigade,1833,1845
1443,ab403,1871,1872
1443,OnlyLatinLetters,1745,1781
1443,rabaiBomkarBittalBang,1799,1820
1443,rsnrsn,546,1022
1443,Legendary_Loser,1792,1814
1443,Logic_PS,1769,1798
1443,DEMILITARIZATION,1187,1402
1443,quinoa,1671,1727
1443,MattRymar,1560,1649
1443,sarthak9266,1658,1717
1443,smurfskiy,618,1070
1443,gourav987,1641,1704
1443,WillTheBill,1814,1829
1443,akhil.arza,1386,1530
1443,SinchiRoca,1791,1812
1443,LamCVP,1702,1747
1443,IllSurelyNeverSmurf,1812,1827
1443,karinnnnn,1565,1651
1443,Alice_and_Bob,1807,1824
1443,xuzhi1234,1363,1513
1443,Armaho,1473,1587
1443,tesst,1470,1585
1443,NapSaq,1577,1658
1443,menxin,1710,1752
1443,andkra,1444,1620
1443,Ash28ish,1766,1792
1443,geschmack_cr7,1767,1793
1443,jps12,1734,1769
1443,jakao,1878,1874
1443,pica4500,1639,1701
1443,mkagenius,1579,1658
1443,Rishabh_Bhaai4,1783,1804
1443,ks20,1721,1759
1443,MQFLLY,1491,1632
1443,Erystil,1836,1843
1443,notapig,1756,1784
1443,Hamim99,1634,1696
1443,lmsh,1442,1563
1443,JKadirov,1512,1611
1443,Celebrate,1735,1768
1443,edenSpace,1693,1738
1443,DinoMax00,1726,1761
1443,BestLulu,1811,1823
1443,_SAKAIDO_,1616,1683
1443,xfhcx,1770,1793
1443,virtual_ninja,1501,1602
1443,mtewathia99,1834,1839
1443,sharad12arse,1727,1762
1443,lszxj,1842,1845
1443,Ali_ZaiBug,1841,1845
1443,royal_sandhu,1530,1622
1443,fresco_ferdini,1755,1782
1443,Mark2020,1781,1800
1443,__Archer,1720,1756
1443,MyDaath,1824,1831
1443,shadow_8902,1435,1556
1443,ZgnivaeL,1583,1658
1443,ABO_3esam,1693,1735
1443,Protostar,1673,1721
1443,whqkrkt04,1730,1762
1443,_hecxoc,1606,1674
1443,sped7,1575,1652
1443,spartanBhardwaj,1711,1748
1443,marS24,1531,1621
1443,shivang_garg99,1591,1663
1443,mirosuaf,1761,1783
1443,ulyabelyaeva,1807,1817
1443,Cccbeginner,1638,1695
1443,OnceAgainIamHere,1133,1360
1443,myx12345,1863,1859
1443,GudDay,534,1004
1443,JustAFriend,0,631
1443,chaber,1292,1460
1443,dan30201,1640,1696
1443,mikhail.mints,1632,1690
1443,STARWATCHER,1100,1403
1443,olegBelyaev,1567,1644
1443,index_,1861,1856
1443,nathan_luiz,1831,1833
1443,eddysboy,1797,1808
1443,Cooper233,1610,1674
1443,munghatekartik,1805,1814
1443,Decapitator,1638,1694
1443,asakh,1506,1601
1443,Mansurbek,1764,1784
1443,static_deth,1655,1705
1443,rehpiC,1776,1793
1443,kumakumaaaaa,1793,1804
1443,baep_j,1785,1799
1443,yellow_13,1652,1703
1443,MuQ,1339,1488
1443,LoneBaleine,1714,1747
1443,sourabh_jangid,1835,1835
1443,Mr.Doap,1818,1822
1443,lanhf,1505,1599
1443,mallick630,1757,1778
1443,gotoprogramming,1552,1631
1443,Iam_going_on_my_way,1581,1687
1443,Razikale,966,1306
1443,fishcathu.,1649,1700
1443,h_rathee30,1469,1573
1443,Taha1506,1474,1576
1443,wxwddjxd,1706,1740
1443,Veras,1550,1629
1443,Komeiji_Green,1781,1794
1443,HarshKumar,1817,1821
1443,moontrack,1613,1673
1443,code_warrior,1212,1403
1443,plan_failed_kt,1674,1716
1443,Abdelrahman_K,1801,1809
1443,fzeovo,1654,1701
1443,behradmollaee,1362,1500
1443,d_p_beladiya,1511,1601
1443,reborn_chris,1629,1684
1443,Vin__ar,1885,1870
1443,robert.barbu27,1753,1772
1443,DarknessX,1787,1797
1443,mpily,1497,1590
1443,ksb_451,1556,1631
1443,acisnull,1585,1652
1443,mlh,1696,1731
1443,sinamhdv,1713,1743
1443,p__ce1052,1479,1578
1443,plancktron,1428,1543
1443,vikfil,1472,1573
1443,mr_chen116,1765,1780
1443,tinrua,1492,1586
1443,testamirbest,1290,1504
1443,MathGod,1379,1509
1443,adityakr007,1655,1700
1443,Yomapeed,1700,1733
1443,shahayush457,1456,1561
1443,Gnihton3,1716,1744
1443,rupeswar,1456,1561
1443,Smorgon,1876,1862
1443,Yogi79,1613,1669
1443,TLEonTestCase04,1692,1726
1443,vicky366,1314,1465
1443,tahmidurrafid,1875,1860
1443,13muce,1618,1673
1443,traviscott,1663,1705
1443,1248163264,1277,1440
1443,shjohw12,1846,1838
1443,Sooh31,1520,1603
1443,QuteMelon,1651,1696
1443,hiro18181,1655,1698
1443,mouse_wireless,1854,1843
1443,bigDuck,1791,1797
1443,Htmt,1579,1644
1443,izlyforever,1646,1728
1443,Muhimin_Osim,1782,1790
1443,Take_A_Deep_Breath,1485,1578
1443,MasterChief410,1725,1748
1443,eepsilon,1693,1725
1443,Neko_lover,1538,1615
1443,TuanGe,1758,1771
1443,charging,1495,1585
1443,Lylova,1692,1724
1443,aayushabhyarthi,1506,1592
1443,100gods,1650,1693
1443,krunal9220,1862,1848
1443,kimyon,1635,1682
1443,GayHawk,1580,1643
1443,Zeucal,1873,1856
1443,ILL1A,1465,1563
1443,sare,1668,1706
1443,Stezok,1680,1714
1443,Abdelrahman_Etman,1716,1740
1443,inhome,1439,1599
1443,mc._cari,1877,1858
1443,rebornndisillusioned,1771,1780
1443,Megumi_Kato,1260,1426
1443,lemme_sleeeep,1652,1693
1443,vineet16,1423,1534
1443,wizist,1813,1810
1443,czswez,1598,1654
1443,anemiccc,1733,1752
1443,Kabanchik,1654,1694
1443,phamcham,1521,1600
1443,Giga_Cronos,1759,1770
1443,lost_everything,1664,1701
1443,rufferzool,1645,1687
1443,ZHAKWF,1770,1778
1443,ritik_patel05,1555,1623
1443,Hikiri,1736,1753
1443,UB24,1595,1651
1443,_imsarthak,1614,1665
1443,jainanshuman,1482,1572
1443,NO_MORE,1603,1657
1443,jack112739,907,1255
1443,yogeshk972,1746,1759
1443,armin.atarod,1579,1639
1443,_bunk_,1502,1585
1443,Nishkarsh_Arora,1560,1626
1443,Hiep2003,1681,1712
1443,aqibm,1747,1760
1443,rishabnahar2025,1763,1771
1443,devansh5398,1697,1723
1443,zwu_2018010337,1565,1629
1443,trovi,1414,1524
1443,19yjy,1467,1560
1443,champgp,1330,1467
1443,demonhue,1409,1520
1443,Gaurav_Dawra,1692,1719
1443,maxuh14,1897,1871
1443,Jamil,1622,1668
1443,binbugs,1436,1538
1443,111_111,1744,1756
1443,itsmeaj,1482,1570
1443,PapayaShake,1401,1514
1443,Fall_of_Fall,666,1078
1443,slayer_noob,1522,1597
1443,Kardanil,1672,1703
1443,lzq233,0,614
1443,Tylone_,1269,1476
1443,The_Chosen_One666,1377,1497
1443,_Chase,1372,1494
1443,-obito,1898,1870
1443,OOmega,1513,1647
1443,itachi_god,1411,1520
1443,vaibhavmittal635,1441,1541
1443,Dorisxdn,1269,1426
1443,confusedsouls,1509,1586
1443,CR7.yera.cpp,1602,1652
1443,Perry_Prasad_Platypus,1752,1761
1443,Padmanabha,1770,1774
1443,lixingrui,1413,1521
1443,AhmadEbtihal,1341,1472
1443,sam571128,1577,1634
1443,yaoyaow,1311,1452
1443,fan__of_potterr,1738,1750
1443,HOYITIO,1898,1870
1443,anishde85,1776,1777
1443,Niloufer,1541,1608
1443,IbraheemJanajreh,1503,1582
1443,no_one_cares,1489,1571
1443,Xuu,1590,1643
1443,zwu_2017010896,1589,1642
1443,andrei.florea0405,1070,1340
1443,Brodicico,1858,1839
1443,hqzzqh,1210,1385
1443,2022OVO,1736,1747
1443,ace_loves_xq,1486,1569
1443,gswsc30,0,611
1443,Fyind,1585,1638
1443,AugustinasJucas,1872,1848
1443,Weldfy,1555,1617
1443,sqqq23,1308,1448
1443,SajidZakaria,1648,1683
1443,toish,1634,1672
1443,xryuseix,1413,1518
1443,petertromso,1419,1522
1443,RuRu7,635,1052
1443,JSNN,1313,1450
1443,JackieLee,1288,1485
1443,AhmedRumi,1753,1758
1443,mayanksinghal7,1739,1748
1443,TBlade-Hui,1700,1720
1443,vrkorat211,1561,1620
1443,albertxwz,1715,1730
1443,ABSTERGO,1610,1654
1443,vgarg_2.0,1642,1677
1443,Roshan_08,1838,1821
1443,DesalotAge,1539,1604
1443,skoju,1727,1739
1443,ziad.khobeiz,1767,1768
1443,Strawberry_Swing,1540,1604
1443,chinawhboy,1782,1779
1443,Zhora_.004,1248,1406
1443,NitsyNitWit,1630,1668
1443,KY2001,1488,1568
1443,stableICE,1641,1676
1443,deepanshu_pali,1644,1677
1443,shyyhsQwQ,1855,1833
1443,silentone,1633,1670
1443,GrowMore,1185,1415
1443,adding_milk,1679,1703
1443,Miopha,1421,1520
1443,E1e3,1555,1614
1443,Zimse.,1436,1530
1443,voldemort_28,1378,1491
1443,Qquun,1485,1565
1443,Deuchie,1420,1519
1443,ishank162,1767,1766
1443,fxq1304,1665,1692
1443,ivan24,1755,1757
1443,nuchenghao,1628,1665
1443,PR007,1339,1464
1443,loli_lover,1729,1738
1443,backBencher24,1515,1584
1443,040902fyn,525,972
1443,Pistolero,1302,1439
1443,I_LOVE_BAE_SUZY,1633,1668
1443,Akshay184,1750,1753
1443,mishanya_stulov,1414,1514
1443,ZeroHL,1518,1586
1443,Lola0213,1666,1691
1443,sloth612,1170,1353
1443,lishuaishuai,1490,1566
1443,codicon,1748,1751
1443,H4wk3ye,1539,1600
1443,raztun,1317,1448
1443,mdstoy,1485,1562
1443,_DayDream,1565,1619
1443,yikanji,1292,1431
1443,parad0x_,1316,1447
1443,HAUT_Xjl,1528,1592
1443,vinamra99,1483,1561
1443,kvidz,1519,1585
1443,Mohammad_Alwarawreh,1595,1639
1443,BusIgor,1574,1624
1443,gyouzasushi,1805,1792
1443,zhanxufeng,470,932
1443,Juras9,1248,1401
1443,MiKovalNya,1610,1650
1443,infyloop,1450,1537
1443,Ilag,1370,1482
1443,brkdnmz,1815,1800
1443,mindrolin,1516,1583
1443,A.D.,1712,1723
1443,Jlomka,1579,1627
1443,BaoJiaoPisu,1527,1590
1443,surgutti,1735,1739
1443,unos,1832,1812
1443,josh-lind,1494,1566
1443,zhuyou_y,1878,1847
1443,StrausKoldun,1225,1385
1443,nehhhh,1352,1469
1443,inijini4,1461,1543
1443,XDEv11,1681,1699
1443,Gensokyo_Alice,1773,1767
1443,majiamajia33,1455,1539
1443,cellokid63,1261,1408
1443,diker,0,602
1443,flyingspoon,1597,1638
1443,ghoshashis545,1583,1628
1443,Haibara,1722,1729
1443,matiasmg,1040,1309
1443,katsurap_,1891,1856
1443,anirudh_achal,1739,1741
1443,cper,1747,1747
1443,SodiumChloride,1399,1499
1443,EIaina,1620,1654
1443,ArsenGotov,1626,1658
1443,chyenn,1621,1655
1443,Ekdikisi,1294,1428
1443,yuyi2009,1670,1690
1443,Mamedov,1820,1801
1443,For__Me,1277,1417
1443,mewnian,1707,1717
1443,parth20,1869,1838
1443,Mayuzumi,1126,1394
1443,detached,1162,1342
1443,tresege,1288,1424
1443,hoangnhut_p30,1423,1515
1443,WitchOfTruth,1869,1838
1443,newbie379,1544,1599
1443,ljfty,1612,1647
1443,AbsurdMan,1497,1565
1443,TiorK,1638,1666
1443,Chuns,1343,1459
1443,ck_platypus,1532,1590
1443,Eeeeeeeeeden,1079,1359
1443,x_zadfar,1591,1631
1443,durmanko,1770,1762
1443,malifold,1741,1741
1443,little_lion,1479,1552
1443,Neroast,933,1202
1443,khoa8700,1656,1678
1443,Pawan_768,986,1291
1443,IMystic,1009,1285
1443,nitesh1916,1540,1594
1443,khuepr123,1610,1644
1443,NZB,1179,1401
1443,JvJv,1609,1643
1443,panhuachao,460,919
1443,VashTheStampede,1403,1499
1443,Eevangelion,1724,1727
1443,tantam75,1532,1588
1443,amir7777,1788,1775
1443,hugo4CF,1661,1681
1443,ameykudari05,1718,1722
1443,borussiam,1439,1523
1443,ruaner_,470,925
1443,May31,1116,1310
1443,subash23,1682,1696
1443,Restricted,1680,1694
1443,utkarsh995,1802,1785
1443,d_evilal,1310,1435
1443,Masami,1536,1590
1443,MiGg,1696,1705
1443,phibrain,1455,1533
1443,Syerikbolsyn,1356,1465
1443,tjj233233,1487,1555
1443,11D_Beyonder,1594,1631
1443,_Chaitanya1999,1425,1512
1443,nasuo,1711,1753
1443,PrideBlack,1821,1799
1443,deadSoul,1436,1519
1443,Ghostviper,1533,1587
1443,LRJf,1200,1362
1443,dhana_sekar,1566,1610
1443,RoronoaXoro,1586,1625
1443,Orora,1244,1389
1443,proudnerd99,1343,1456
1443,AhmedGamal,1328,1445
1443,AdaChambers,1586,1624
1443,mousebeaver,1495,1560
1443,wandan23,1668,1683
1443,_AVV_AVV_,1831,1805
1443,JustasLe,1606,1638
1443,computerbox,1389,1486
1443,Sjaggi,1521,1577
1443,Kofta,1649,1669
1443,red_carrot,1696,1703
1443,SergiuS2003,1813,1791
1443,Beoss,1789,1772
1443,M1v1savva,1864,1830
1443,pill,1864,1829
1443,SkySurfer,1385,1483
1443,batman_begins,1824,1799
1443,4.5Tatami,1577,1617
1443,roshan_mehta,1899,1856
1443,Hien,1678,1690
1443,Mokut,1706,1710
1443,Ratwe,1267,1403
1443,coder_h,1836,1807
1443,IMRUN,1818,1794
1443,weufihqiewhbfewf,1734,1730
1443,atharv,1815,1792
1443,Chandra_Kant,1341,1451
1443,perdu,1685,1694
1443,TiaJennifer,0,593
1443,r_y,1401,1492
1443,wxhtzdy,1366,1468
1443,blackBird,1698,1703
1443,FedeNQ,1706,1709
1443,pedastrian57,1723,1721
1443,fax,1751,1742
1443,atfiona,1544,1592
1443,csemadarhai,1882,1841
1443,bcollet,1859,1823
1443,aohkgnadnart__,1135,1316
1443,IchigoKakarotDUzumaki,1303,1425
1443,merlin_,1642,1661
1443,mramirez,1786,1768
1443,Lovely_Ran,1095,1364
1443,digu_J,1854,1819
1443,korangu_kuppan,1824,1797
1443,hardikgupta568,1850,1817
1443,tsiki,1725,1722
1443,Kalashnikov,1780,1763
1443,Harshil_,1459,1531
1443,Millad,1829,1800
1443,REALBOY,1727,1724
1443,HarisImamovic464,1599,1666
1443,MeowMcgrath,1677,1686
1443,Harsh0911,1680,1688
1443,syrtin,1261,1395
1443,DoKep,1547,1592
1443,MetalPower,1896,1850
1443,Yoav,1827,1798
1443,freepointer,1751,1741
1443,checkcheck1197,1771,1755
1443,BSer,1764,1750
1443,Binario,1545,1590
1443,KasuAri,1625,1647
1443,supersahil,1422,1503
1443,ssyze,1671,1681
1443,arman.t,1731,1725
1443,LotusIR,1886,1842
1443,Aritra741,1550,1593
1443,htkb,1646,1662
1443,callmepandey,1377,1472
1443,00harshjainjain1,1684,1690
1443,rocks03,1849,1814
1443,lxyb,1620,1643
1443,too_slow_to_code,1686,1691
1443,paras2411,1571,1608
1443,RaunaqRoxx,1789,1768
1443,sumitdahiya,1505,1561
1443,cleaner_leon,1864,1825
1443,nalinmathur42,1696,1699
1443,Schacher97,1747,1736
1443,meet2mky,1591,1622
1443,nishant.ns19,1845,1811
1443,Roham,1771,1753
1443,KlRIESHKA,1784,1764
1443,surang_orz,1013,1301
1443,chalo_chale,514,947
1443,the___reaper,1713,1711
1443,k1ps,1420,1500
1443,tykkipeli,1894,1847
1443,Dragonado,1680,1686
1443,notTehlka,1823,1793
1443,Mavzes,1847,1811
1443,OQAS,1819,1790
1443,Zaee,1760,1744
1443,gabaswillwinIOI2022,1460,1527
1443,dinesh_verra,1761,1746
1443,Nasif_44th,1605,1630
1443,sharath101,1823,1793
1443,TimurABS,1270,1398
1443,yangyunlin,1593,1622
1443,complex_issue,1612,1635
1443,28shubham06,1682,1687
1443,soumyadeep_pal_21,1590,1619
1443,Sherlock1997,1512,1563
1443,enaim,1521,1570
1443,devansh05,1616,1638
1443,MAKMED1337,1700,1699
1443,matheusdacach,1545,1586
1443,kaikey,1786,1764
1443,ash_98,1639,1654
1443,HappyPacMan,1766,1748
1443,Sina.Abbasi,1677,1682
1443,turkoarias,1655,1665
1443,kiomi,1702,1700
1443,INight,1431,1506
1443,prasanna2425,1552,1590
1443,Si_Ru,1793,1768
1443,white_space,1463,1528
1443,Java,1731,1722
1443,Gegege337,1614,1636
1443,S_Samchenko,1245,1379
1443,adikrsingh,1640,1654
1443,celerity,0,584
1443,Retired_cherry,1601,1625
1443,khanter_,1496,1550
1443,lily0,1125,1380
1443,realnimish,1626,1644
1443,ehsanoo,1671,1676
1443,sherlhangar,1728,1719
1443,cebolinha,0,584
1443,abhishek945,1445,1514
1443,qazz625,1770,1750
1443,zxcv_1,1616,1636
1443,andreumat,1762,1744
1443,jiteshrao,1670,1675
1443,xxx_alisher_xxx,1889,1841
1443,mingliangche,1446,1514
1443,benson0402,1552,1589
1443,oadey89,1588,1615
1443,Arnob,1856,1815
1443,BabaVoss,1627,1643
1443,aarushbarwar04,1484,1541
1443,R35007,1537,1578
1443,Dorost,1871,1826
1443,hoacrux,1620,1638
1443,codeanna,1557,1592
1443,kehsihba19,1572,1603
1443,Ser_Khalik,1533,1575
1443,kartikeyasri23,1746,1730
1443,8856180058DuongNN,1574,1604
1443,KiruxaLight,1538,1578
1443,wmkwong98,1174,1330
1443,Scano,1799,1771
1443,tonystark1234,1855,1814
1443,Muh,1788,1762
1443,vishisht_2,1749,1732
1443,lijunhan,1881,1833
1443,seniLogik,1537,1577
1443,ErfanMirshams,1744,1729
1443,ashu_2202,1443,1511
1443,L_drago_1,1213,1405
1443,t98slider,1750,1733
1443,nishit.sharma,1566,1598
1443,dimasidorenko,1528,1570
1443,fastflow,1868,1822
1443,oceanmaster,1543,1581
1443,r3novatio,1743,1727
1443,El_MaraVilla,1538,1577
1443,CosminMorar,1744,1728
1443,zoro25,1860,1816
1443,ljyljy12138,1732,1719
1443,AHappyPotato,1644,1654
1443,lemu17,1346,1442
1443,TargaryenWolf,1207,1350
1443,SlavicG,1453,1516
1443,orzccz,1781,1756
1443,ikiana,919,1227
1443,Tsetso,1761,1741
1443,baa_baa_blacksheep,1569,1599
1443,bugdone,1627,1640
1443,Rubesty,1741,1725
1443,SaiNagendra,1647,1655
1443,Grimjaw883,1602,1622
1443,kira201,1626,1640
1443,Akash_Tike,1571,1600
1443,godxpunk,1724,1712
1443,geray_king,0,580
1443,caidx,1201,1345
1443,sidd9812,1663,1667
1443,joker_x,1546,1581
1443,Asurudo_Mirai,932,1235
1443,4qqqq,1744,1726
1443,Alex2184,0,579
1443,Manan_shah,1291,1404
1443,Andy_p,1454,1516
1443,naeem4265,1237,1368
1443,woshiluo,1526,1566
1443,aa___,1817,1782
1443,InojosaCS,1533,1571
1443,spunkyyogi,1463,1521
1443,Vladislao,1623,1636
1443,GetSum,1759,1738
1443,Cyborgg,1529,1568
1443,Kerekiw,1640,1649
1443,Abhishekagrawal,1687,1684
1443,chiraga196,1442,1506
1443,man_of_learning,1843,1801
1443,prajwal7868,1796,1765
1443,procodgok,1477,1531
1443,kesisour,1327,1481
1443,coderbd,1373,1458
1443,Azizul_cse27,1244,1371
1443,elio,1606,1623
1443,ujjwalsingh30,1576,1602
1443,Mr_Programmer_98,1895,1840
1443,lol99,1416,1488
1443,Badont,1852,1807
1443,rathirag,1874,1824
1443,Prog___,1725,1711
1443,santa_x112,1201,1343
1443,PR_0202,1692,1686
1443,gxy001,1597,1616
1443,I_love_vollery,1544,1577
1443,Jen94kA_isMy_WAIFU,1396,1473
1443,tsp67,1383,1464
1443,_endL,1567,1594
1443,NelsonGomesNeto,1660,1662
1443,Hells_Knight,1468,1523
1443,_dp95,1515,1556
1443,abj,1358,1446
1443,GolDius,1833,1792
1443,__Meliodas__,1631,1640
1443,EulerLee,1748,1727
1443,iby,1501,1605
1443,MayankAg,1803,1769
1443,_otaku,1651,1655
1443,akshitm16,1498,1544
1443,BarkovBG,1889,1834
1443,Pe.Ph,1673,1671
1443,hitleronskates,1188,1332
1443,Superm4n,1843,1799
1443,ken_,1751,1729
1443,BarSa,1198,1393
1443,aman_deep21,1384,1463
1443,Jo3kerR,1711,1699
1443,alox,1444,1505
1443,border,1674,1671
1443,92anurag,1750,1728
1443,ksaveljev,812,1147
1443,ferzO4,1661,1661
1443,sayeed_1999,1351,1440
1443,xish,1638,1644
1443,ThePunisher,1510,1551
1443,LuoZheng,1519,1557
1443,Liviu2000,1621,1631
1443,Vectors_Master,1814,1776
1443,1727405069,1784,1753
1443,ritvik369,1333,1427
1443,31ballons,1519,1557
1443,TShT,1655,1656
1443,pranay_garg,1460,1515
1443,tavhid0321,1425,1490
1443,Kapil_Varma,1535,1568
1443,EvgeniiG,1294,1400
1443,snest21,1715,1700
1443,Whiplash99,1694,1685
1443,Bedoo,1859,1810
1443,py_cpp_js,1626,1634
1443,Misha_Help,1720,1703
1443,Madhunter,1365,1448
1443,kuta,1429,1527
1443,khaser,1706,1693
1443,aloo08051999,1531,1565
1443,mini4141,1723,1706
1443,Vesper_Lynd,1711,1697
1443,MahmoudAshour,1525,1560
1443,cyanfirestone,1392,1466
1443,coder_sounak,1826,1784
1443,at_f,0,574
1443,HukuToc,1738,1717
1443,Kirkon,1588,1605
1443,DarkSparkle,1559,1584
1443,deleted2,1621,1630
1443,_AbRn_,1619,1628
1443,DanielMontes,1655,1655
1443,AsilenceBTF,1572,1593
1443,ayuhero31,1447,1504
1443,Tapojit047,1648,1649
1443,lazywitt,1499,1541
1443,chb19,1719,1701
1443,cboy,1723,1705
1443,hiddenacc,501,921
1443,IsacLucian,1317,1414
1443,EpIc-DesTinY,1698,1686
1443,builder,1772,1742
1443,s59_60r,1683,1674
1443,TTNhan,1782,1749
1443,Burning_Legion,1700,1687
1443,dadboss,1583,1601
1443,kgargdun,1412,1479
1443,GALA,1677,1669
1443,jayantjha1109,1427,1489
1443,popashtefan10,1864,1811
1443,abhi43,1318,1413
1443,Zoma17,1730,1710
1443,A-m-z,1699,1686
1443,naam_jaanke_kya_karega,0,571
1443,huy17102003,1364,1445
1443,Deku__,1373,1451
1443,antohir,1742,1718
1443,Karad_1818,1569,1590
1443,bitcoin,1875,1820
1443,sergmel,1553,1578
1443,Bob,1625,1631
1443,smitm,1503,1542
1443,sillyboi,1644,1644
1443,PopaPopiPop,1517,1551
1443,Unpossible,1813,1771
1443,KamruL_Hasan_,1291,1394
1443,crazy_hunter,1725,1705
1443,Momo_zzz,1539,1568
1443,emrulhasan,1019,1220
1443,arushi309,1766,1736
1443,uttharapally_chandra,1537,1566
1443,raja_n,1554,1578
1443,Tenzon,1798,1760
1443,you_know_wh0,1471,1518
1443,Jiang142857,1373,1449
1443,DilshodbekX,1560,1582
1443,CodeSlayer007,1656,1652
1443,Be_legend,1460,1510
1443,WenDavid552,678,1051
1443,majorro,1672,1664
1443,I_Am_Justice,1556,1579
1443,CvYaswanth,1695,1681
1443,roman_povolotskii,1268,1378
1443,Kruga,1638,1639
1443,thesis_007,1320,1412
1443,Finity,488,909
1443,fjdksla,1840,1791
1443,rightways,1389,1464
1443,md_mohit,1667,1660
1443,akshatsachan,1633,1634
1443,zff,1433,1490
1443,Maneologu,1444,1533
1443,RUDRA_DAS,1640,1640
1443,Anas-Kudsi,1515,1548
1443,cherry_su,1654,1650
1443,d-O.O-b,1476,1520
1443,not_abhishek,1534,1622
1443,splay_tree_tag,1284,1387
1443,Zadymiarz12345,1839,1790
1443,...zzz...,427,866
1443,manish_1012,1517,1550
1443,MIYAD_KERNEL,1431,1488
1443,Mukundan314,1752,1723
1443,Hacker4O4,1604,1612
1443,pranav.vinchurkar,1529,1558
1443,fan_balae,1499,1536
1443,d1abl3,1586,1599
1443,ika557,1354,1434
1443,Nahid_Hasan_Raju,1434,1490
1443,Tony_stark33,1475,1519
1443,plnn,1432,1488
1443,ItayOtto,1648,1644
1443,TrickFoxb,1634,1633
1443,elek34ka,1527,1555
1443,tanmayg,1263,1372
1443,jhaecker,1447,1498
1443,rkb_rd,1458,1506
1443,Ahmed_Salah7,1297,1394
1443,pratik356,1382,1453
1443,Nurda,1464,1510
1443,LKPl,1463,1509
1443,Anurag_Yadav15,1130,1284
1443,hwon233,1235,1353
1443,antoh,1533,1559
1443,Darshil_Shah,1465,1510
1443,bnkalya1502,1732,1707
1443,2018030402032,1595,1604
1443,luckytoad,1541,1565
1443,Odysseus96,1231,1350
1443,rvkdonuts,1445,1496
1443,abhinay07,1405,1467
1443,anhad,1317,1407
1443,Zhang_acmer,1419,1478
1443,lueFlake,1715,1694
1443,Nurss,1563,1581
1443,nykterstein,1496,1532
1443,agh_academy,1816,1770
1443,heyoung,1769,1735
1443,Zhaere,1621,1623
1443,infxx,1710,1689
1443,rinf,1552,1572
1443,xiaok,1615,1618
1443,natsu-san,1691,1675
1443,donuthole,1511,1542
1443,Robin,1795,1754
1443,Ahnaf.Shahriar.Asif,1676,1663
1443,arshit25725,1640,1636
1443,ransh,1627,1627
1443,3_knights,1543,1566
1443,jitendrajat10099,1582,1594
1443,Pranav_g19,1670,1658
1443,emperor_gentoo,1780,1742
1443,codemastercpp,1631,1629
1443,ORZWSL,1419,1476
1443,gHo0sT,1555,1574
1443,Self,1469,1512
1443,salehsargolzaee,1473,1514
1443,ulhv,1635,1632
1443,soumit915,1528,1553
1443,.chand,1402,1463
1443,Stan_Yi,1360,1434
1443,DDJHB,1378,1447
1443,Moh_maya,1408,1468
1443,SIark,1433,1485
1443,Dasari,1560,1577
1443,waginger_19,1561,1577
1443,ioigod289,1771,1734
1443,AkaMG,1583,1593
1443,Mukulravi3,1323,1409
1443,vit_72,1773,1736
1443,1dan,1484,1521
1443,cawwwie,510,918
1443,chaluMan,1605,1609
1443,Shakil17,1659,1649
1443,Falcon__,1723,1697
1443,shailendra_s,1510,1540
1443,Evil__Coder,1742,1712
1443,nitesh.dtu,1399,1460
1443,eciffo,1722,1696
1443,hollowape,1530,1554
1443,RuthlessPractice,1447,1494
1443,prabhsimar100,1610,1612
1443,AGRU,1710,1687
1443,aackovic,1399,1461
1443,icesaver,1727,1700
1443,fair_play,1544,1564
1443,HazemDalati,1440,1489
1443,not_slacker,1603,1607
1443,tfyguh,1558,1573
1443,Kanoon,1639,1633
1443,KDZHR,1771,1733
1443,Gauravbhag51,1373,1441
1443,ritesh1340,1571,1583
1443,Harsh1610,1548,1566
1443,XY9lPUK3000,1186,1371
1443,PoPk1u,1559,1574
1443,Mariam_Yasser,1348,1424
1443,mtmsq,358,812
1443,CIXTEEN,1629,1625
1443,Phaijal,1285,1380
1443,bobib,1755,1720
1443,salted_Corn,1345,1421
1443,alok_k6618,1819,1769
1443,vladislav11,1502,1532
1443,_bakytov_,1432,1482
1443,neo1729,1542,1561
1443,8den_5ketty,1626,1623
1443,Youth518,1764,1727
1443,810848,1573,1620
1443,Delmos,1290,1383
1443,tommyjiang,1584,1591
1443,m_aamirk,1464,1504
1443,_s7,1184,1313
1443,Tisen,1619,1617
1443,L-jiji,1325,1407
1443,princebelkovetz,1852,1794
1443,iwannad,1309,1395
1443,doveking,972,1210
1443,Dage233,1811,1762
1443,ramrap,1397,1456
1443,AsiBasi,1491,1523
1443,nubir345,1530,1551
1443,suryans_05,1120,1270
1443,ScrappyDoo,529,929
1443,Marshmello,1488,1521
1443,JOYTUN_17,1478,1514
1443,cloak,1626,1621
1443,Exotic,1372,1439
1443,Ztin,1740,1707
1443,mahimahans111,1296,1386
1443,Peregrine_Falcon,1550,1565
1443,OnePomegranateAllSick,1170,1302
1443,reiracofage,1822,1770
1443,isocyanide7,1454,1496
1443,jaswantcoder,1237,1346
1443,_ttt,1299,1387
1443,sf14t,1848,1790
1443,bhannu,1274,1405
1443,rguy23,1532,1551
1443,Jarif_Rahman,1810,1761
1443,shreyd,1547,1562
1443,sahil_M,1587,1592
1443,marcus.test,1515,1539
1443,JsCode,1466,1504
1443,maciekdragula,1535,1554
1443,Angela99,1354,1425
1443,masked_huh,1472,1508
1443,Mikasa,1555,1568
1443,Pneumokogur8,1462,1500
1443,--HY--,1641,1631
1443,qxw,1844,1786
1443,Abdul_Aziz,1441,1485
1443,AlexRoss,1625,1619
1443,yaspnya,1244,1349
1443,jiysrgvbno,1178,1305
1443,littlemonk,1751,1714
1443,chale_chalo,0,558
1443,prodipdatta7,1515,1538
1443,sutekine,1454,1495
1443,maguroguma,1775,1733
1443,aishwarya2109,1275,1370
1443,foxy007,1754,1716
1443,dark_brain_attack,1437,1482
1443,ucandoit,1475,1509
1443,Magnus,1474,1508
1443,ayirohtip,1457,1496
1443,chakkuChameli,1210,1326
1443,speed4ce,1557,1568
1443,CM_when,1565,1611
1443,Nzt3,1098,1304
1443,sherlocked,1194,1315
1443,kniccknacc,1446,1488
1443,mdallrosa,1408,1461
1443,jizapika,1738,1704
1443,khyati29agrawal,1152,1287
1443,Mikail2601,1536,1552
1443,iankury,1769,1727
1443,sed_life,1262,1360
1443,Elo,1597,1597
1443,31901179,1480,1512
1443,hs_wfz_orz,1400,1455
1443,kartik__dutt,1175,1352
1443,Shahraaz,1864,1800
1443,golo,1507,1531
1443,oogerbooger,1434,1478
1443,Violet_FXH,1310,1392
1443,UtkarshGoel,1570,1577
1443,sahil99,1730,1697
1443,winterfor2,1412,1463
1443,immortal_101,1503,1527
1443,RedAnt,1753,1714
1443,vlam21,1518,1539
1443,exonei,1370,1433
1443,Ghevar,1736,1701
1443,Ayu013,943,1220
1443,spidermonkey,1560,1568
1443,parthjn,1391,1448
1443,tanmay_23_99,1193,1312
1443,ritikmital,1338,1411
1443,jignacioc,1562,1570
1443,inzamam_inz,1397,1451
1443,playerzmr,1769,1726
1443,pratiklath,1397,1451
1443,Cruz_enhanced,1568,1574
1443,SomeNickname,1166,1294
1443,pkj,1495,1521
1443,ashanksingh1997,1481,1511
1443,lx430621,1747,1709
1443,HalTea,1425,1471
1443,Abtahi_Majeed,1686,1662
1443,Nagasai74,1408,1458
1443,aditi.,1442,1482
1443,kirill_cmirnov,1688,1663
1443,javaIsTop,1097,1249
1443,algoRIDHAM,1470,1502
1443,tmwoo,1814,1760
1443,Aabhas99,1596,1595
1443,nguyenlethienphuc2004,1460,1495
1443,Rad1x,1504,1527
1443,lizzzzzzzzzz,1578,1580
1443,chiragsharma,1269,1362
1443,puddings,514,912
1443,rish01,1569,1574
1443,Parshwa,1439,1480
1443,iinternaut,1164,1292
1443,Oak_limy,1834,1774
1443,zrr12139,1499,1583
1443,ankitanand,1488,1515
1443,yk_2310,1647,1632
1443,Mestu,1377,1435
1443,Hisham_hates_graphs,1260,1355
1443,mahatejvarma,1518,1536
1443,vatsal_nagelia,1402,1453
1443,KshitijDwivedi,1522,1539
1443,abozzorov,1373,1432
1443,alamkhan,1679,1656
1443,naygnay,1509,1529
1443,umang_us,1512,1532
1443,masaow,1320,1396
1443,wwch,1590,1588
1443,Black_Eye,1467,1498
1443,Dexter30,1304,1384
1443,covid01,1317,1393
1443,elvahs,1859,1793
1443,ETheHedgehog,1364,1425
1443,wajiul,1060,1224
1443,basebillions,1566,1570
1443,dpac,1295,1378
1443,am2505,1453,1488
1443,myotra,1545,1555
1443,bit_wise,1722,1688
1443,Abhay_AKM,1395,1447
1443,bella_ciao12,1446,1519
1443,sid9406,1801,1748
1443,chinmay0402,1553,1561
1443,somanaik,1832,1772
1443,killpop,1669,1647
1443,zero_bug,1388,1499
1443,atg_coder27,1519,1535
1443,drobucs,1628,1616
1443,mayank334,1472,1501
1443,pranav4,1686,1660
1443,e.m.blagov,1545,1554
1443,amritx8,1748,1706
1443,raj1307,1675,1652
1443,JionKitten,1724,1688
1443,The_Lion_King_4210,1439,1477
1443,tusharjaiswal,1522,1537
1443,rky673,1440,1478
1443,wooo,1281,1367
1443,dream_is_real,1744,1703
1443,Will_be_there,1620,1609
1443,bug_20,1410,1456
1443,Basilhijaz,1768,1721
1443,Skipped__,1859,1792
1443,olium,1354,1417
1443,Legend_of_Azkaban,1661,1640
1443,Casanova_007,1437,1476
1443,_beo,890,1156
1443,iMurat,1634,1620
1443,saurabh122,1461,1492
1443,steve_pops,1264,1354
1443,saurabh247,1481,1507
1443,abhist2,751,1079
1443,rishav_iitkgp,1593,1588
1443,the_belal,1419,1462
1443,mayaan,1479,1505
1443,Rishabh510,1322,1394
1443,tulerfeng,1726,1688
1443,Mark042,1263,1353
1443,scameeer,1664,1641
1443,akshat13400,1528,1540
1443,karad,1490,1513
1443,hwx990519,1420,1498
1443,rakshi20,1478,1504
1443,Aktgb_31,1418,1461
1443,ManchesterCityFC,1778,1728
1443,ma_da_fa_ka,1721,1684
1443,PoPularPlusPlus,1344,1408
1443,SatyaMann,1638,1621
1443,vishydeepi,1187,1302
1443,zhaobo,1632,1616
1443,20_sarthak,1357,1417
1443,y0y68,1253,1400
1443,BHAKT,1360,1420
1443,Hermione02,1517,1532
1443,supachai_pay,1420,1462
1443,Epiphyllum,1510,1527
1443,SonDinh,1492,1513
1443,bever209,1369,1425
1443,dongbin1999,1637,1620
1443,timurmtsraev,1253,1345
1443,vdua447,1454,1485
1443,__karma_123,1824,1763
1443,shiraha,0,549
1443,dangminhhoangdz,1352,1413
1443,Mostafa_ELbadawy,1870,1798
1443,preet_t,1737,1695
1443,RockStar_14,1588,1583
1443,Rudraksh,1393,1441
1443,KhoaBright,1575,1573
1443,conquorer,1184,1298
1443,Paaaaain,1378,1431
1443,aayush0912,1502,1519
1443,I_will_come_back,1388,1438
1443,yyueo,1195,1305
1443,Ikigai,1186,1300
1443,Likhon5,1450,1482
1443,nomiku99,1373,1427
1443,adam_warlock,1085,1234
1443,Muhammad98,1632,1615
1443,weapon_x,1500,1517
1443,Cosmic_Boy,1296,1374
1443,Bellalabella,1816,1823
1443,Shivam_Bhalodia_,1542,1548
1443,cronaldo_7,519,909
1443,Dirwul,1084,1284
1443,lance.hz,1574,1572
1443,akashAgrawal,1602,1592
1443,Ankit_Raj,1523,1534
1443,gkovo,1532,1541
1443,satya1998,1602,1593
1443,wistful23,1622,1607
1443,adarsh_sinhg,1331,1396
1443,Special_Tareq,1492,1511
1443,phoenix_0010,1362,1418
1443,sweet_fish,1814,1754
1443,Bliznetc,1263,1350
1443,insomaniac_,1551,1554
1443,yatharth_,1279,1361
1443,Prim,1452,1482
1443,id1,1392,1439
1443,Nafis.Shahriar,1671,1644
1443,timaktimak,1848,1780
1443,debokgp,1587,1581
1443,Mehedi_Hassan,1592,1584
1443,ALONE_2020,1446,1477
1443,wa_wa_vegetable,1477,1500
1443,hoffrj,1511,1524
1443,kulmak41,1729,1688
1443,Goel25,1398,1443
1443,rachit901,1433,1468
1443,nur_riyad,1413,1453
1443,avantikaparihar,0,546
1443,Riblji_Keksic,1376,1427
1443,akshaygupta,1360,1416
1443,_harshitsureka,1359,1415
1443,codingbug4sure,1274,1356
1443,Besher_Zibak,1131,1261
1443,CiboAndrei,1499,1515
1443,bushraakter,1354,1411
1443,sudan_sahab,1462,1488
1443,Abhichauhan,1579,1573
1443,Adam_pxx,1691,1658
1443,Fastred,1389,1436
1443,yourdad123,1461,1487
1443,plekkpea,1413,1453
1443,MD.Abdullah,1140,1266
1443,BigO1,1273,1355
1443,MnTm,1288,1365
1443,abdelrahman001,1768,1716
1443,tytanium,1467,1491
1443,yoyoboyss,1573,1568
1443,Mr-Spy,1481,1501
1443,kimino,1456,1483
1443,No_one_but_me,1319,1386
1443,yvay5cqe,1514,1525
1443,Steve1234,1387,1434
1443,Her_Manly_Support,811,1116
1443,Rahul_roy,1278,1358
1443,mihmih,1721,1680
1443,G4NP0N,1460,1546
1443,Susmit_Mishra,1252,1340
1443,swift51385,1343,1437
1443,qalaiqalai,1475,1497
1443,N00Borz,1342,1402
1443,_yuio_,1384,1431
1443,practice_,1623,1605
1443,mimura,1474,1496
1443,kanishk779,1490,1507
1443,negative,1140,1265
1443,baby_gog9800,1046,1205
1443,_Anton,1678,1647
1443,TwoWrists,1339,1399
1443,Koozco,1609,1594
1443,sarthak_sethi,1767,1715
1443,so_nisarg,1373,1423
1443,ak-group,973,1203
1443,hackerbhaiya,1605,1591
1443,jporwal09,1663,1635
1443,bansalraghav_19,1824,1758
1443,shashwat259,1518,1526
1443,Jon.Snow,1402,1443
1443,neew_B,1568,1563
1443,touqeer11,1282,1358
1443,Vk98,1568,1563
1443,theanhbr01,1503,1515
1443,AtomicCoder,1544,1546
1443,kriish,1376,1424
1443,uj007,1451,1477
1443,ninja,1453,1479
1443,C-3PO,1454,1479
1443,Trgt_2021_explosion,1257,1341
1443,jiaxingCookie,1518,1526
1443,I_AK_NOIP_S,1026,1191
1443,konchin.shih,1600,1587
1443,cheeta_coder,1528,1533
1443,uux,1754,1704
1443,eviL_cheztor,1704,1665
1443,me3tazzzz,1491,1506
1443,sh.Hakemi,1418,1453
1443,544432,1309,1411
1443,summertony717,1339,1398
1443,CQU-Songer,1361,1413
1443,_FireGhost_,1706,1667
1443,broomstick,1358,1411
1443,He-Who-Must-Not-Be-Named,1479,1497
1443,mrkarlo,1437,1467
1443,suzuken_w,1769,1715
1443,sudo-rgorai,1174,1284
1443,osource,1204,1357
1443,Say.My.Name..,1054,1257
1443,Jackie_Chen,1592,1580
1443,Sahitya02,1500,1512
1443,Kopite,1552,1550
1443,sheetalg,1604,1589
1443,tasotaso,1559,1555
1443,cdfly,1617,1598
1443,KichhuMichhu,1791,1731
1443,Sagacity,1609,1592
1443,ivanz,1829,1761
1443,primus7,1556,1552
1443,satyam552000,1413,1448
1443,Coki628,1590,1578
1443,Zack,1707,1667
1443,aman2gupta95,1688,1652
1443,leonard123,1037,1196
1443,ojha_lakshya,1145,1297
1443,hackxsaras,1109,1241
1443,WCDI,1681,1647
1443,1NT_MAX,1382,1426
1443,SAEED.,1268,1347
1443,abcd_100,780,1089
1443,Zi_yu,1620,1601
1443,Sahaj_08,1685,1649
1443,Houk13,1073,1266
1443,czhang2718,1600,1585
1443,pranjalkandhari,1294,1364
1443,mogamboCodes,1589,1577
1443,PdrEam,1257,1338
1443,study_ing,1565,1558
1443,0d1n,1373,1419
1443,altynai,1663,1632
1443,jjjjjjjtgpptmjj,1722,1677
1443,Flower08,1239,1326
1443,ms166,1654,1625
1443,KKiYeer,1589,1576
1443,sujoymondal,1406,1442
1443,unknown_29,1605,1588
1443,LEGITALONE,1292,1418
1443,Hp_32,1360,1409
1443,Multiply_Ten,1081,1307
1443,.___..__,1266,1344
1443,akshay_1,1518,1523
1443,yanire,1496,1507
1443,evenny,1610,1591
1443,Lightbender,1825,1757
1443,se.le.x,1448,1472
1443,subhadeepchandra1,1678,1643
1443,AC-DC,1560,1554
1443,error_code_69,1401,1438
1443,MakotoNiijima,1367,1414
1443,as9997450,1220,1312
1443,Andoroid,1328,1386
1443,yiqilim5438,1637,1611
1443,SmallSnake,1460,1480
1443,kaarma,401,817
1443,Goshawk,1309,1372
1443,Unkowing,1508,1515
1443,Verly,1802,1738
1443,eskay_38,1409,1443
1443,H1KK1AN,1289,1359
1443,Aklice,1242,1327
1443,Dark_Lord_,1158,1270
1443,myy04,1437,1463
1443,silvertint,787,1092
1443,tanmax,1468,1485
1443,ezir,1393,1432
1443,QiHai_,1620,1598
1443,ashutoshgupta1229,1320,1380
1443,_ibsti,1328,1385
1443,b6e2,0,538
1443,cyh_toby,1778,1719
1443,surbhi_015,1163,1273
1443,zhangrh,1364,1410
1443,xenofil,1613,1593
1443,Kaushik_Sridhar,1380,1422
1443,scit,1339,1392
1443,TheProgrammer256,1530,1530
1443,kolwot,1476,1490
1443,HaZarD98,1216,1308
1443,Bananamaths01,1337,1391
1443,YogaVicky,1326,1383
1443,accccc,444,846
1443,RoadToWorldFinals46,1658,1626
1443,revin99,1554,1548
1443,akash_das,1185,1287
1443,ArielxX,1772,1713
1443,crzyppl,1326,1383
1443,RickyDev,1609,1589
1443,harry12138,1339,1392
1443,_Bohemian,1404,1438
1443,maskman_lucifer,1466,1483
1443,CodeName_Red,1303,1367
1443,j0shua,1552,1545
1443,raland,1483,1495
1443,Holmes7,1636,1609
1443,Sayemm,1434,1459
1443,Ban.kai,1326,1383
1443,shivamkrghosh,1213,1305
1443,TDave02496,1503,1509
1443,so_bad,1495,1503
1443,iANikzad,1454,1473
1443,mehtaji,1592,1575
1443,jogarao,1650,1619
1443,utchchhwas,1407,1440
1443,daean,839,1126
1443,grewal44,1425,1452
1443,abitnav,1350,1399
1443,Hoanganhvu123,914,1155
1443,mega_knight,1428,1454
1443,The_blue_penguin,1257,1334
1443,PealHassan,1196,1292
1443,empr,1412,1442
1443,sdu_lishuo,1500,1506
1443,Rohan009,1475,1488
1443,iamssk,1288,1355
1443,Kira49,1302,1365
1443,Long_VuV,1637,1674
1443,TheIridescentOne,1304,1366
1443,giahuyng98,1364,1408
1443,_CalculuUus_,1546,1540
1443,keyboard_cat_,1178,1280
1443,GabrielCamargo,1660,1626
1443,sharma2908,1458,1475
1443,Celeron4GHz,1353,1400
1443,vele,1552,1544
1443,typewriter999,1452,1471
1443,comsyl,1472,1486
1443,s_h_r_e_e,1486,1496
1443,AtodNevs,1361,1406
1443,CoosaLiquors,1387,1424
1443,conan_obrien,1212,1303
1443,DanGolov,1715,1668
1443,andr14142,1489,1498
1443,Sympa,1570,1557
1443,Moonlights.qaq,1267,1446
1443,_blaNk_,1588,1570
1443,raahilbadiani,1609,1587
1443,accesss_denied,1478,1489
1443,Nozarashi,1015,1253
1443,qoololi,1182,1282
1443,smf,1442,1463
1443,vaibhav_puri,1625,1599
1443,elteammate,1510,1512
1443,yhs_yyds,0,535
1443,Babul420,1084,1218
1443,chaitanyasahni1,1531,1528
1443,Hiccup_x14,1229,1312
1443,Pranavk1234,1188,1285
1443,bblank22,1504,1508
1443,aarav.cube,1504,1508
1443,vikrantgoutam17,1464,1478
1443,Eftekhar_Nahim,1292,1356
1443,mansa_banna,1298,1360
1443,Ismail_Akram,1633,1604
1443,jaispa,1594,1575
1443,NickZu,1505,1508
1443,belli49,1301,1362
1443,SHHK_test,1339,1446
1443,CaMOUFlage,1856,1777
1443,tawhid,1314,1371
1443,Alternek,1410,1439
1443,ilya_totl,1645,1613
1443,e.khomasuridze,0,534
1443,Seoul,1698,1653
1443,what-a-drag,1400,1431
1443,vrishinvv,1620,1594
1443,ruz,1631,1602
1443,coindarw,1459,1510
1443,detele,1707,1660
1443,hhh666,1384,1420
1443,time_coder314,0,534
1443,hafiz_samrat,1666,1629
1443,nik124,1500,1504
1443,Bl0ck_M0mb0,1494,1499
1443,arpan.parikh,1473,1484
1443,Sinanck,1452,1468
1443,veenitshukla20,1063,1203
1443,ritik159,1391,1424
1443,nlog,1373,1411
1443,zwu_2018010502,1391,1424
1443,Rajdeep2k,1555,1544
1443,Tanish.Agrawal,1281,1347
1443,cuzynot,1357,1400
1443,kumar_naveen,1506,1508
1443,sergei_popov,1529,1525
1443,vodacbaoan,1569,1554
1443,sunmeetoberoi,1406,1434
1443,pg199,1119,1237
1443,poorvapk,1182,1279
1443,RabbitPower,1759,1699
1443,ruban,1341,1388
1443,Ingenious,1541,1533
1443,abdalkader-s,1656,1620
1443,Masaoooooo,1549,1539
1443,mohangorai4,1698,1652
1443,gunjan768,1622,1594
1443,shinra_tensei,1453,1468
1443,coder10121999,1371,1409
1443,City_Hunter,1523,1520
1443,Cpp_Rookie,1514,1513
1443,juno13,1622,1594
1443,Mohammad_Waleed_Alseddir,1338,1385
1443,wheres_my_fucking_luck,1202,1291
1443,FireBird23,1824,1750
1443,soo7652,1377,1413
1443,LRL65,1593,1572
1443,abhijeeth,1424,1447
1443,Hazardous120,1300,1359
1443,mission_1800,1612,1586
1443,GTRtest,1115,1290
1443,I_am_Heisenberg,1319,1371
1443,Crisp0r,1626,1597
1443,imreallyjohn,1266,1335
1443,SkyDreams,1515,1513
1443,rishavutkarsh,1411,1437
1443,secretlearner.68,1400,1429
1443,fahimcp495,1653,1617
1443,landon_m,1554,1541
1443,Assslead,1400,1429
1443,yjojdkgk5bp,1487,1492
1443,umezo,1444,1460
1443,nishantnkr,1183,1278
1443,_LH2000,1516,1514
1443,wuhu_f1y,1283,1381
1443,goneee,1451,1465
1443,ishank_gupta,1273,1339
1443,vivek1401,1625,1595
1443,har_shar,1298,1356
1443,nh_nayeem,1460,1472
1443,primanshuchoudhary,1254,1326
1443,irekchek,1256,1392
1443,graf-m,1533,1525
1443,StevenXu,1368,1405
1443,amrit__,1418,1441
1443,mucamaca,1703,1654
1443,h1dd3n_c0d3r,1523,1518
1443,ilyamzy,1305,1361
1443,Dinesh_Yadav,1705,1656
1443,Kawchar85,1550,1538
1443,Still_Believe,1438,1455
1443,Praxidike,1506,1505
1443,Malheiros,1403,1429
1443,GuptaSir,1608,1582
1443,4svOn,1680,1637
1443,excyme,1508,1506
1443,raghuvansi,1498,1499
1443,Lam_lai_cuoc_doi,1845,1765
1443,GoyalAnshul,1280,1342
1443,Kusmir,1897,1805
1443,Daniel_lele,1461,1471
1443,darshancool25,1581,1561
1443,knightmare_guran,1861,1777
1443,DhurBaal,1193,1336
1443,the__guy,1596,1571
1443,43IJNIF5EWL,1329,1376
1443,sid330s,1231,1308
1443,Jaki,1653,1615
1443,Scum001,1444,1459
1443,zh_zhumash,1717,1664
1443,dhananjay_1,1604,1578
1443,jlr.terceiro,1604,1578
1443,janmansh,1627,1595
1443,-wolfie-,1357,1396
1443,lewistran,1602,1576
1443,Sahil,1529,1521
1443,shihaka,1044,1236
1443,wellingyep,1065,1286
1443,Harirai,1709,1658
1443,rcxkk,1402,1428
1443,Rudro25,1306,1359
1443,scherbanvitali,1178,1272
1443,iNx,1482,1523
1443,epidemic,1574,1555
1443,Qing_LKYi,1542,1531
1443,Jonah00,1595,1570
1443,Hrishabh,1478,1483
1443,vinay272001,1581,1560
1443,rajkumar612,1358,1396
1443,Prajwal_,1591,1568
1443,SudeepSinghGill,1421,1441
1443,mycrushdoesntlikemeback,1485,1488
1443,__Daniel__,745,1051
1443,utkarshagarwal28feb,1030,1175
1443,valiro21,1717,1664
1443,Newton,1596,1570
1443,Yuki_B,1577,1556
1443,Deathstream_Omega,1142,1248
1443,Biaz,1463,1471
1443,happy2000jain,1509,1505
1443,sgprsp,1474,1479
1443,powergee101,1497,1496
1443,LeViet,1569,1550
1443,Flighter,1604,1576
1443,aaryanjagetia,1333,1377
1443,Dawlau,1231,1307
1443,Htrams,404,807
1443,gio0707,1600,1573
1443,Free_Electron_,1465,1472
1443,JSON-558,1232,1307
1443,bhavesh_1,1278,1374
1443,illyakr,1548,1533
1443,f20170279,1450,1461
1443,yash_archana,1235,1308
1443,teozeno,1466,1472
1443,Dumped,1526,1517
1443,ssanjeev2424,1656,1615
1443,eigen_,1244,1315
1443,YoyOyoYOy000y000,1774,1706
1443,kushagrasri,1500,1498
1443,Suny_,1195,1315
1443,null73,1316,1364
1443,er888kh,1783,1713
1443,koprus77,1398,1423
1443,MKSA0000,977,1187
1443,Mirong,1566,1546
1443,soulDier,1229,1304
1443,i_am_roy24,0,527
1443,alexssiz1,1405,1428
1443,xwt1,1402,1425
1443,pedroangeli,1666,1623
1443,stepmother,1642,1604
1443,NerfThis,1382,1411
1443,Oryon,890,1153
1443,NeuraXmy,1387,1451
1443,ravishekr7,1345,1384
1443,MohamedKhaled,1654,1613
1443,O--O,1488,1488
1443,kusumbhatt,1441,1453
1443,1600-1700,1562,1543
1443,iota.,1328,1372
1443,Kawaii,1142,1245
1443,polar_lhv,1285,1342
1443,9Curd1Cream,1365,1398
1443,Samaun,1505,1500
1443,priyanshu_x,1351,1388
1443,idleidle,735,999
1443,g-point,1145,1246
1443,infinite_dive,1305,1356
1443,h1teshtr1path1,1344,1383
1443,scribblr,1456,1464
1443,free_fall,1482,1483
1443,_mndm,1439,1451
1443,Bediver,1712,1657
1443,973373649,1522,1512
1443,ss_loves_AC,1568,1547
1443,7ripleS,1037,1224
1443,akshitdesai,1397,1421
1443,Arjun_Thakur,1448,1457
1443,motorcycle,1373,1403
1443,Badguy_19,1147,1247
1443,sobijain_m31,1428,1443
1443,smash_it,0,525
1443,xarl,1256,1321
1443,dg11,1453,1461
1443,decliner,758,1057
1443,markyyz,1334,1375
1443,Shivam3007,1728,1669
1443,chidauri,1467,1471
1443,the_nights,1276,1334
1443,rokus,472,852
1443,feras,1631,1594
1443,Alpaca00,1652,1610
1443,brezhart,1464,1469
1443,shebao,1343,1381
1443,ilyasiv,1509,1502
1443,chandanagrawal23,1390,1415
1443,Lacheck,1681,1632
1443,di4s,1467,1471
1443,daman1209arora,1534,1521
1443,sh_maestro,1455,1461
1443,Maziik,1255,1319
1443,Karlord19,1318,1363
1443,WaleedEhab_ChelseaFC,1618,1584
1443,sofiaasta,1467,1470
1443,Bojack_human,1472,1474
1443,OrangeMadness,1569,1547
1443,dixmw34,1700,1647
1443,avrn11,1114,1275
1443,coding_panda,1780,1708
1443,Hidayah,921,1133
1443,kevin,1872,1781
1443,chitrung1,1274,1332
1443,_Subrata,1616,1582
1443,supakorn_mhee,1521,1510
1443,honeysingh18,1354,1388
1443,2020wasthebestyear,1206,1284
1443,wizhie,1220,1329
1443,_fake._,1463,1467
1443,ShacozzZ,1357,1390
1443,noobKunal,1438,1448
1443,aarsh01,1686,1635
1443,aditya.vallabh,1502,1496
1443,anas3a,1319,1363
1443,hcmaster,1381,1407
1443,nirvana_rsc,1487,1484
1443,elitedj,1525,1512
1443,silverfish,1645,1603
1443,tanmay104,1303,1351
1443,subhamdtu,1897,1801
1443,aniket_lakhotia,1400,1421
1443,Raghadit,1503,1496
1443,hhhcbw,1451,1457
1443,zeddie,1531,1517
1443,benny_d,1331,1370
1443,PrxGr4mmer,1385,1409
1443,G.O.K.U_Instinct,1349,1384
1443,etaked,1520,1508
1443,avi34,1143,1241
1443,I_LOVE_IRIS,1644,1602
1443,Big_Tuna,1362,1392
1443,manhh15,1243,1309
1443,sai_deepchand,1278,1333
1443,mantavya,1395,1416
1443,GeoMetrix123,1437,1447
1443,slowprogrammer,1298,1347
1443,93160445546277484,1502,1495
1443,sudharsansrikanthan,1639,1598
1443,azish,0,522
1443,thaiph,1271,1328
1443,abh0798,1422,1436
1443,C0ldSmi1e,1436,1446
1443,SkroX_5,1473,1473
1443,MasterPain187,1272,1328
1443,RisingWizard,1537,1521
1443,_martynas,1512,1502
1443,__hermit__,1275,1330
1443,hrdate,1493,1488
1443,Sanjay422,1406,1423
1443,renjied,1425,1438
1443,zhaofangfang,1624,1587
1443,intmian,1642,1599
1443,fake_id,1510,1500
1443,check_D,1256,1317
1443,Parul_19,1115,1222
1443,Earagav,1665,1617
1443,_codebuddy_,1056,1272
1443,avlad171,1486,1481
1443,spacetime,1772,1700
1443,krish_murarka,1234,1301
1443,infinity.star,1375,1401
1443,bad_guy03,1469,1469
1443,rs258,1578,1551
1443,prashant__ranjan,1710,1652
1443,conan_0,1831,1747
1443,RUNNING_IN_CIRCLES,1088,1260
1443,mastermindevil,1395,1414
1443,TheROT13,1336,1372
1443,SSB0734,1316,1358
1443,valentinchipuc,1627,1588
1443,NoBody__,1453,1457
1443,breezycamel,1302,1348
1443,jpr1974,1396,1415
1443,linnzsc,1376,1400
1443,rishisharma__,1287,1337
1443,prajjwal1999,1285,1335
1443,CaptainLevi46,1357,1387
1443,Azadpurbey,1370,1396
1443,casebasher_91,1475,1473
1443,_CapedCrusader,1551,1530
1443,take000,1387,1408
1443,win95,1475,1473
1443,nitinmaadhukar,959,1122
1443,Rajprasad_dora,1563,1539
1443,vineetjai,1725,1663
1443,vickyandvs,1543,1523
1443,akshay18iitg,1163,1252
1443,devesh08,1558,1534
1443,ragedteddy,1334,1370
1443,Anshuzxcv,1355,1385
1443,guxuanye,669,990
1443,Masalmah,1618,1580
1443,RunGood,1571,1544
1443,abir_075,1458,1459
1443,mr_practice001,873,1133
1443,gishita,1198,1275
1443,riyansh16_,1423,1433
1443,ShuklaXD,1223,1292
1443,cooler_killer,1160,1249
1443,NinjaDragon,1770,1697
1443,Somebody,1372,1397
1443,drinkWater.,1297,1343
1443,LCSB,1498,1489
1443,__FigaZZo__,1375,1398
1443,_wyl,1238,1302
1443,_hunzi,1387,1407
1443,Berton2L,1522,1507
1443,D9RS,1323,1361
1443,Gourav81,1331,1367
1443,yingyingying002,1450,1453
1443,rudwell,1691,1635
1443,For_Gloria,1309,1351
1443,tzf,1587,1556
1443,ninjaboy2899,1284,1333
1443,setn4me,1291,1338
1443,adarsh_goku,1137,1266
1443,vibham,1288,1336
1443,vermakunal088,1435,1442
1443,_kick_,1391,1410
1443,invisibleeee789,1348,1378
1443,B99,1010,1201
1443,Kal-El,1592,1559
1443,aberent,1531,1513
1443,Erstwhile,1435,1441
1443,HarshKh_13,1447,1450
1443,coder0110,1472,1469
1443,master_sam_g,1508,1495
1443,navjot1234,1405,1419
1443,Shankhadeep,1374,1397
1443,Tareq_Abrar,1261,1317
1443,N_Assass1n,1262,1318
1443,sriritwik3,1325,1362
1443,yaofighting123,1390,1408
1443,soodaniket028,996,1188
1443,keysersoze29,1529,1510
1443,jainnirav88,1370,1393
1443,ishuu7,1472,1468
1443,kevinrojas99,1292,1338
1443,THE__BUG,484,854
1443,Satoru,1382,1402
1443,shubhankarsharma00,1399,1414
1443,tejas_1309,1242,1303
1443,Qg3,1578,1548
1443,diloveyu,1333,1367
1443,vishaaaal,1650,1602
1443,MaheshKvs,1298,1342
1443,poonam__agrawal,1186,1264
1443,-pandey_shivam-,1358,1384
1443,zefyrus,1326,1361
1443,mikon_cxy,461,836
1443,Yoitsu_Holo,399,792
1443,Angiras07,1592,1558
1443,veveja3602,0,517
1443,kjansheir,1049,1173
1443,ApocJTL,1549,1526
1443,Contest_is_Learning,1289,1335
1443,Newtech66,1610,1572
1443,wangchenkai,1386,1404
1443,Obamium,1579,1548
1443,ratneshvjvergi,1538,1517
1443,Dickson_,1423,1431
1443,nas21,1361,1386
1443,space_viking,1396,1411
1443,arpan_100,1354,1381
1443,ItsLastDay,1717,1653
1443,mammedbrk,1236,1297
1443,illusion001,1033,1215
1443,_Meet_Patel_,1610,1571
1443,hero_573,1195,1269
1443,aryanjunagade,1530,1510
1443,zhangzx123,1660,1610
1443,_phogat.007,1120,1219
1443,A.Motaz,1642,1595
1443,Alaafathhyy,1100,1206
1443,mt21,1443,1445
1443,Charly52830,1466,1462
1443,kramercosmo,1545,1521
1443,yesnomaybe,1615,1575
1443,green_gold_dog,410,799
1443,dubina,1181,1260
1443,1446435502ll,1218,1340
1443,bill_lin,1220,1286
1443,jiligugug,1669,1616
1443,phantom_79,1129,1224
1443,ivandr,1424,1430
1443,eliforsharon,594,932
1443,vasu2907,1752,1681
1443,shubham_977,1210,1279
1443,AM_I_Learning,1542,1518
1443,ninadc,1589,1555
1443,Nuwaisir_Rabi,1627,1583
1443,The-Jack,1371,1392
1443,the0dd1out,1626,1583
1443,kiyoya_21,1494,1482
1443,willtryagain,1312,1349
1443,Short_Bit,1536,1514
1443,stormdepressed,1329,1362
1443,Kyan,1518,1500
1443,M-o-b-a-r-a-k,1165,1248
1443,bleedcoder,1578,1546
1443,4AC24E7D6B,1405,1416
1443,boredApe,1547,1522
1443,anonymous-coder,1468,1462
1443,sepehrking,1218,1283
1443,Ninja__,1275,1323
1443,ArminAzimi,1584,1550
1443,YMSeah,1592,1556
1443,gggreenhand,1512,1495
1443,Asuna_ysn,1582,1548
1443,anuraganand2046,1518,1499
1443,ahmedfouadnew,1371,1391
1443,xdleish227,1710,1647
1443,Amplifier.,1729,1661
1443,pdrsm,1376,1395
1443,gaurav1910,1411,1420
1443,rawatmanish58,1330,1362
1443,Ahmad45123,1237,1296
1443,newuser24324,1472,1465
1443,andyseve,1745,1674
1443,sleepwalking643,1715,1650
1443,nitin.agrawal160398,1523,1503
1443,awakash1997,1202,1272
1443,code_fury101,423,806
1443,Namzhale,1362,1384
1443,shordinger,1682,1624
1443,R3dtech,480,847
1443,Yoks1729-,1579,1546
1443,bluespex,1435,1437
1443,SaadAllah,1399,1411
1443,abhittal,1200,1270
1443,Falconblaze,1310,1346
1443,qing_lin,1231,1291
1443,aryanrathee,1583,1548
1443,PalestinianTornado,1398,1410
1443,mehulrekhi,1289,1331
1443,jaadu12345,1453,1450
1443,shubhambhadada,1366,1386
1443,Zdxfgre,1637,1589
1443,hritik31,1441,1441
1443,Beasty_Boy,1357,1380
1443,notarmen,1389,1403
1443,uqmtxy,1250,1304
1443,sakuryu,1235,1293
1443,__invariant__,1429,1432
1443,dorjderem,995,1135
1443,devr51066,1315,1349
1443,eenz,1346,1371
1443,siro53,1566,1535
1443,ramisa.alam,1777,1698
1443,kumarshivam0512,0,513
1443,luchinkinkos,1502,1486
1443,reverse_flash4,1415,1421
1443,Ionut27,1229,1289
1443,_robindhankhar,1058,1175
1443,bavesh,1382,1397
1443,CaEdta,1541,1515
1443,ju_c_anik,1306,1343
1443,Makise_Kurisu,1539,1513
1443,TheAct1on,1369,1387
1443,fullaccepted,1292,1332
1443,nishchay17.,1288,1365
1443,Ainur_Mukhtarow,1527,1505
1443,MK6,1127,1219
1443,paulcristian,1530,1507
1443,chi_797,1596,1557
1443,angelskid,1683,1624
1443,goodproger,1278,1322
1443,chinese,1658,1604
1443,caffeine1234,1291,1331
1443,vibeQ,0,512
1443,Mohamed_Saad62,1428,1430
1443,Tigryonochekkk,1453,1449
1443,yarik1,807,1078
1443,profgrammer,1353,1375
1443,jli505,1487,1474
1443,Dontony,1335,1362
1443,JustChill,1388,1401
1443,santaclaus03,0,512
1443,TrollReper,1166,1244
1443,nobody500,1786,1704
1443,RealAccount,1284,1326
1443,Shirley_lf,1692,1631
1443,wwjnb,1413,1418
1443,GuptaJi,1240,1295
1443,wishcode,1669,1612
1443,zucrose,1414,1419
1443,cowboy_29,1523,1500
1443,e____r____,1330,1358
1443,ajay_2908,1323,1353
1443,suni27,1601,1560
1443,a_b_h_i99,1242,1296
1443,viji9810,1559,1527
1443,Wenyi,1346,1370
1443,justdoit2021,1123,1215
1443,dinesh_b_s,1379,1393
1443,kkkingking,1305,1340
1443,CybotX,1163,1305
1443,harman_,1238,1293
1443,akash24,1094,1196
1443,alan_2109,1311,1344
1443,poiminhcanh08092001,1254,1304
1443,rohan_vora,1720,1651
1443,zxcv0206,782,1059
1443,Meul,1689,1627
1443,whohet,1458,1451
1443,AvestA.prO,1492,1476
1443,Dhruv_Walia,1314,1346
1443,Anubhabghosh,1399,1407
1443,Stygian_Nymph,1564,1531
1443,Levon2004,1212,1274
1443,fraimparato,1358,1377
1443,MilindM,1168,1298
1443,vivek20ingh,1269,1314
1443,cantcodewithoutcrying,1554,1523
1443,zhz520,1456,1449
1443,EvgeniusASPX,1737,1665
1443,Sundaram_Sharma,1335,1361
1443,dqsjysgs,1264,1310
1443,Carbon,1486,1471
1443,MagentaCobra,1830,1737
1443,iharshit009,1190,1259
1443,mindsweeper,1321,1424
1443,an09mous,1651,1597
1443,VayuRaghavan1,1244,1296
1443,innoshark,1776,1695
1443,Corvus,1624,1576
1443,tarunmishra_19,1252,1301
1443,shrishtrip,1119,1211
1443,pradnesh,1472,1460
1443,Kerwin-,1218,1278
1443,-thedarkhorse,1300,1335
1443,unrated_grandmaster,1305,1338
1443,Chanpreet,1608,1563
1443,Rafiqul01,1437,1434
1443,try_kuhn,1096,1195
1443,p.contr.ball,1431,1429
1443,SaumyA_29,1251,1301
1443,xhgybbybz,1275,1317
1443,MvKaio,1510,1489
1443,Adi1169,1436,1433
1443,anonymous_first,1170,1245
1443,jalalium,1573,1537
1443,mr_navarro,1419,1420
1443,icosahedron,1563,1528
1443,_RED__,1835,1741
1443,Quick.Silver,1494,1476
1443,Utsav_,1193,1260
1443,kakira,1769,1688
1443,avsd_47,1386,1396
1443,J.F.K.,1659,1602
1443,Neko-nyan,1311,1401
1443,a_player,1562,1528
1443,coder_Aditya_404,1207,1269
1443,sagarsingla_,1572,1535
1443,fujang01,1401,1407
1443,ritishb,1475,1462
1443,gongmingtao,893,1138
1443,BERNARD,1405,1410
1443,recursion__,1328,1354
1443,tranvannhan1911,1408,1412
1443,moriarte,1410,1413
1443,mdazmat9,1706,1638
1443,TheBigBool,1709,1640
1443,sunhuaze,1330,1355
1443,Sorry_Br0,1264,1308
1443,L.I.,1511,1489
1443,sv_sannidhay,1332,1356
1443,user909,1287,1324
1443,Imtiaz1710,1139,1222
1443,niket_101,1382,1392
1443,Rakesh_Kumawath,1452,1444
1443,dhyang24,1061,1227
1443,pb_18,1382,1392
1443,uozeb,1283,1321
1443,pranshukh,1314,1343
1443,Killer250104,1789,1703
1443,abdisonfire,1372,1385
1443,Happy.CoDer,1432,1429
1443,stepaaa,1348,1367
1443,MubtasimShahriar,1348,1367
1443,hai_koi,713,1007
1443,zapdospops,1575,1537
1443,Bondo,1860,1760
1443,millionHe,1080,1182
1443,cx799760502,1265,1343
1443,veronika1337,527,874
1443,howzat,1380,1391
1443,dewDevil99,1304,1335
1443,AleksBannikov,1647,1591
1443,darth_skywalker,1405,1409
1443,baaloone,1152,1229
1443,notbot,1531,1503
1443,luobiaoba,1278,1317
1443,brute_mXa,1014,1139
1443,Madhav_Agarwal,1399,1403
1443,Bullet,1268,1309
1443,pranat_sharma1,1223,1278
1443,amangupta375,1448,1440
1443,shubham7999,1138,1220
1443,khanna_sk,1308,1338
1443,eye_bleach,1007,1183
1443,kichi2004,1853,1754
1443,abylay.omar,1216,1273
1443,bluescorp,1347,1366
1443,lastsemhai,1148,1290
1443,relaxxpls,1339,1360
1443,neat,1442,1435
1443,mikemiller,1198,1260
1443,czfls_huzhiyao,1493,1474
1443,phensedyl,1231,1283
1443,ronisds,1545,1512
1443,karanrg,1177,1246
1443,swapno7064,1233,1284
1443,cynbrd,460,825
1443,VladislavArt,1203,1263
1443,lanChe,0,507
1443,Kapibara,1386,1393
1443,jack07,1270,1310
1443,Monotonous,0,506
1443,Levi_Ackerman.,1433,1428
1443,benkwokcy,780,1053
1443,sobhagyaSD,1484,1466
1443,tvvister,1430,1426
1443,Saber,1566,1529
1443,ujjwal_keshri,1608,1560
1443,Di-ekaF,1430,1425
1443,Weixizz.,1389,1395
1443,rahulgoel,1770,1686
1443,cherish.,1520,1493
1443,MojeDes,1427,1423
1443,BeCadidateMasterIn2022,1484,1466
1443,_MayMeMy_,1293,1326
1443,3.0,1242,1290
1443,ShvarcstNeger,1510,1485
1443,WangZi,1330,1352
1443,0Mordecai0,1602,1555
1443,Enigma20,1411,1411
1443,drgoli,1524,1496
1443,f20191110,1389,1395
1443,Farrell12138,749,1030
1443,divyakhetan,1377,1386
1443,ChaosElige,1357,1371
1443,Rehan,1338,1358
1443,psychicX,1314,1340
1443,ahmad_salah,1431,1425
1443,pankaj_yadav,1084,1182
1443,ankit-SM,1516,1490
1443,ashish.rrs,1525,1496
1443,CoOoNaN,1402,1404
1443,RapchynskyiOleksandr,1632,1578
1443,nikunj_lohia,1234,1283
1443,nipungupta37,1674,1611
1443,lelmil,1466,1451
1443,dana_paani,1349,1365
1443,samaranand,1344,1362
1443,fadi__,1159,1231
1443,hardik_iiitS,1161,1297
1443,krishkhatri28,1526,1497
1443,Ciorap88,1691,1624
1443,crouchingTiger,1300,1329
1443,sam000013,1047,1157
1443,hopelesss,1276,1312
1443,dheerajtiwari,1217,1271
1443,pppss,1107,1196
1443,Dawidluna,1321,1344
1443,hiteshagarwal,1167,1236
1443,maozkurt,1404,1405
1443,anitej,1152,1261
1443,praveen2806,1320,1343
1443,Eastern_Eagle_,1233,1282
1443,songbird1912,1597,1550
1443,Evang,1274,1311
1443,-grace-,1199,1258
1443,manny7304,1441,1432
1443,-akkuna-,966,1105
1443,outline,1728,1652
1443,teon,1352,1366
1443,User_Carrot,1185,1248
1443,vatsal2198,1473,1456
1443,harsh777111raj,1076,1175
1443,raushan_07,1170,1238
1443,prince7,1419,1415
1443,M4verick,1567,1527
1443,rahulraga,1507,1481
1443,Harsh_garg,1650,1591
1443,soutin,1492,1470
1443,MathQ_,1383,1389
1443,Lazy_Cypher,1421,1416
1443,Aman__Raj__,1328,1348
1443,cypher14,487,842
1443,vaps2012000,1396,1398
1443,shivamSha_123,1286,1318
1443,ananyasahu1008,1092,1185
1443,_zwy,1429,1422
1443,MehulJ21,1256,1297
1443,sekiya9311,1672,1608
1443,renat_wr,1279,1313
1443,chen1234567,1202,1259
1443,SarthakAjmera,1754,1672
1443,d3adsh0t,1297,1326
1443,2018uch1533,847,1071
1443,pratyushbansal26,1333,1351
1443,satyamgupta1906,1099,1190
1443,jeffreylin0909,1540,1505
1443,DivitK,1224,1274
1443,DimaArt,1195,1254
1443,1435730,1387,1391
1443,tourist_teacher,1307,1332
1443,RANssqq2018,1289,1320
1443,ujjwalsingh05,1042,1152
1443,p0_tate,1667,1604
1443,Squirrel_on_Cassini,1632,1576
1443,HcSoap,1336,1353
1443,Actium,1226,1275
1443,meahef,1058,1162
1443,shubhampandey1,1380,1385
1443,violet_realperson,1357,1368
1443,Pradyumna_,1298,1326
1443,stillnotyet,1538,1504
1443,Adz7,1406,1404
1443,Vyshniak.Ivan,1627,1572
1443,shubhankarrr,1510,1483
1443,krishna_0_9,1503,1477
1443,artish19,1430,1422
1443,nigampratyush98,1472,1453
1443,A.G.Maruf,1199,1256
1443,muk_mukul,1291,1321
1443,Syun_cp,1529,1496
1443,wo1fie3608,1224,1273
1443,bunjee007,1191,1250
1443,satish0701,1276,1309
1443,Blackmamba_,1838,1738
1443,manav_06,1484,1462
1443,neverrMindr,1110,1195
1443,pandey122000,1342,1357
1443,brthyyjp,1632,1575
1443,umrhiumrhi,1144,1218
1443,Emdadul_Islam,1305,1330
1443,wusongyi,1578,1533
1443,mr_dreamer,1215,1266
1443,MufaddalD,1457,1441
1443,Runtime_terror_,1089,1181
1443,puneet_goel,1443,1431
1443,sergiunasca,1115,1198
1443,thanasis457,1519,1488
1443,the_OB1,1025,1194
1443,mercuryVapor,1174,1238
1443,Red_Black_Fox,1444,1431
1443,Essi,1365,1373
1443,Tajx,1501,1474
1443,vm.ded,1344,1357
1443,mathneet,1254,1293
1443,lukameladze_is_the_best,1154,1289
1443,bufferspoofer,1343,1356
1443,Look_Y_Y,1297,1324
1443,IMTIAZKABIRIFTU,1279,1310
1443,fox_mulder,1662,1598
1443,maheshvaishnav2301,1004,1125
1443,Jayshil,1321,1341
1443,arthur_08,1611,1558
1443,Shamim_BD,1409,1405
1443,Dreaminger,1454,1438
1443,noiem,1109,1193
1443,rumazius,1864,1758
1443,Jakvrh1,1160,1227
1443,_Sazid_,1427,1418
1443,rev_ponna,1344,1357
1443,gabmei,1451,1436
1443,DoubleAS,1123,1202
1443,rajatpal,1392,1392
1443,jfcjaya,1437,1425
1443,laozhu1234,1173,1236
1443,de_coder_1,1474,1453
1443,SharpEdged,1283,1312
1443,gyanishkumarroy,1378,1381
1443,1822852788,1366,1372
1443,brut_force,1208,1295
1443,Tanvir021,1451,1435
1443,_Satoru_,1469,1450
1443,nickjohn,1580,1534
1443,Arch_kkk_,1162,1228
1443,Liberator187,1484,1460
1443,the_3rd_eye,1266,1300
1443,xlqb_joey,1327,1344
1443,-Baba_Yaga,1470,1450
1443,hruif,1241,1283
1443,simple_sy,1418,1410
1443,aman333,1437,1424
1443,Mansif,1191,1247
1443,artem21215,1263,1298
1443,Shav_Imigne,1378,1381
1443,Manav1906,1242,1283
1443,ksumit,1375,1378
1443,null0124,1582,1535
1443,iboom_726,1518,1485
1443,prasoonjain006,1182,1241
1443,QuantumBolt,1435,1554
1443,harsh1868,1314,1334
1443,Abhi3970,1272,1304
1443,abhimishraabhi,1196,1250
1443,Arihant1300,1072,1167
1443,Masterpichicho,1459,1440
1443,lmzplayer,1344,1392
1443,Vivaargentina,1430,1419
1443,GlowTube,1407,1402
1443,Always_Be_Consistent,1484,1459
1443,Mr_Finch,1578,1531
1443,saiyambharara,1386,1386
1443,coldwinds,1598,1546
1443,ayushj118,1452,1435
1443,kiet8627,1257,1293
1443,programbhavan,1631,1572
1443,vmaxx,1351,1360
1443,misir,1498,1470
1443,shivamprakashsp,1146,1216
1443,iamfarraz,1175,1235
1443,anson370,1596,1545
1443,rj24,988,1112
1443,Akash_kunwar,1199,1252
1443,ks3rr,1580,1533
1443,_Hosam,1469,1448
1443,arseniyx92,1142,1212
1443,dce23,485,835
1443,cub.rrr,1220,1381
1443,Amz42,1314,1333
1443,DOT.S0110,1439,1425
1443,suzaku_kuru,1368,1372
1443,HSJHSJ,1528,1492
1443,jadetear,1277,1366
1443,aanchaltiwari__,1127,1202
1443,cc_out,1065,1160
1443,fireboy,1265,1297
1443,iAmrifat,1299,1322
1443,Lunaticasylum,1147,1271
1443,Mohsin_Bantu_cf,1425,1414
1443,ecie-pecie,659,958
1443,zmmO_o,1352,1360
1443,IamWellandGood,703,988
1443,gand-phati-rating-giri,1574,1527
1443,bisht_ash,1467,1446
1443,Ermachkov.Yaroslav,1611,1555
1443,Aelhurn,1246,1284
1443,aviral1117,1398,1394
1443,ChiefGamer7,1321,1337
1443,parshuram_84,1494,1466
1443,shinhiro,1343,1389
1443,viwreck,1374,1375
1443,ThiagoMM,1567,1521
1443,_aadiupadhyay_,1161,1225
1443,code0rider,1537,1498
1443,winddust,1108,1251
1443,ManuelLoaiza,1646,1582
1443,hulm,1466,1444
1443,sasha4,1394,1390
1443,Roout,1327,1341
1443,Mr.Plotva,1717,1638
1443,adarshsinghkushwaha,1219,1264
1443,mridul2899,1369,1372
1443,Silent_plz,978,1104
1443,boyun,1316,1333
1443,Abhitipu,1525,1489
1443,Rakib_32,1256,1290
1443,Pulgster,1521,1486
1443,sinofintellect,1212,1259
1443,coder_ym_,1215,1318
1443,Abhi009,1404,1397
1443,anujsingh,1349,1357
1443,N.D.T,1392,1388
1443,adarshsingh9677,1138,1208
1443,nocreative1,1392,1388
1443,epsilon_573,1593,1541
1443,smoc_georgemarian,1415,1405
1443,Acho3,1369,1371
1443,Nishita2001,1548,1506
1443,Entangle,1312,1329
1443,7ablas7enke4,1593,1540
1443,Resting_Prince,1473,1449
1443,wqy_03,1165,1226
1443,LeBronGods,1280,1306
1443,AmaN.,1247,1283
1443,Apass.Jack,1428,1414
1443,will_of_ken,1382,1381
1443,little_late,1324,1338
1443,parallax_,0,497
1443,ArimaKosei,1391,1387
1443,onestig,1343,1352
1443,apka_bro_dynamic1,1306,1325
1443,kirillzaxarov1,1731,1648
1443,ash432,1197,1247
1443,fatherjacker,449,805
1443,pikachu_pika_pika,509,850
1443,starch2th,0,496
1443,Ahnafalam,1156,1219
1443,_HiImNotMeoMeo,1277,1304
1443,JUANDI321,1181,1236
1443,ms_stranger,1269,1298
1443,pratik1207,1230,1270
1443,alexsey,1167,1226
1443,srishtikdutta,429,791
1443,forassk,1193,1244
1443,mahir_dhrubo,1366,1368
1443,Anushk-24,1290,1313
1443,wise_bit,0,496
1443,zhou.xf,1296,1317
1443,maidaneze,1370,1371
1443,whomping_willow21,1265,1295
1443,NeuTronic,1702,1624
1443,StrongDZ,1106,1238
1443,edison16029,1218,1261
1443,Ngc19,1452,1432
1443,sweetree,1291,1313
1443,PIG,1455,1434
1443,overlazy,1236,1274
1443,nidnepeL,1497,1466
1443,__theJoker__,1298,1318
1443,Prasenjit_1,1467,1443
1443,stunner45,1662,1593
1443,prakhargupta.pg,1273,1300
1443,minhson,1357,1361
1443,Kurumi2406_,1258,1289
1443,ShorifulSoumic,1262,1292
1443,Kiarash,1275,1301
1443,The_Bigot,1286,1309
1443,usman2306,1300,1319
1443,IRun_Man,1080,1167
1443,taylor_abbas,1349,1354
1443,M4S1N,1467,1443
1443,cyborg_7459,1466,1442
1443,weavile,1336,1345
1443,anmol1705,1212,1256
1443,Alan_Mgine,1450,1430
1443,KingYoga,1084,1169
1443,Memito08,1372,1371
1443,beatific,1438,1420
1443,nihilist_cpp,1357,1360
1443,clearlove20,1701,1623
1443,AAI,1196,1245
1443,Dianaa,1405,1395
1443,sjpander,1202,1249
1443,CSQ31,1659,1590
1443,Umang_Goenka,1330,1340
1443,qeeiwi,1425,1410
1443,Black_Be4rD,1438,1420
1443,masgha,1234,1271
1443,MinorMiracle,1546,1502
1443,anonymized_anonymity,1345,1351
1443,not_a_failure,1528,1488
1443,krishnam_rathi,1474,1447
1443,Dlian,1179,1232
1443,johnwick2b67,1675,1602
1443,a_ntike,1430,1478
1443,Vaibhav2059,1130,1233
1443,_IGVA_,1167,1335
1443,iw.b.m.,1368,1367
1443,Rubalien,1442,1423
1443,zxpzxpzxp,870,1105
1443,rupinderg00,1441,1422
1443,messi_fanboy,1748,1660
1443,Jerry_Mouse,1294,1313
1443,zkstar,1252,1283
1443,mridul.dgp2015,1301,1318
1443,stayhome,1247,1280
1443,anshu_man,1461,1437
1443,RakibJoy,1685,1610
1443,R0cket007,1353,1356
1443,HinanawiTenshi,1155,1215
1443,Zeroo0iq,1343,1349
1443,harish_dalal,1180,1232
1443,tejus.tiwari,1331,1340
1443,Hello_Love,403,769
1443,BobZbarcitXY,539,870
1443,Dhanush_7,1381,1376
1443,sunnysharma5959,1116,1253
1443,KingRayuga,1401,1391
1443,Saketd3769,1051,1145
1443,MohamedAboOkail,1112,1186
1443,Switch9,1176,1229
1443,Kratos77,1282,1364
1443,SII-IAB,1244,1277
1443,arvind_27,1688,1611
1443,Piyush_7399,1411,1398
1443,andpar,1634,1569
1443,_honeybee,1271,1296
1443,Nicolas125841,1015,1122
1443,_phodu_,1243,1276
1443,maximum,1269,1330
1443,xjx0524,1565,1516
1443,shivu_8944,1461,1436
1443,Sky_Warrior,1555,1508
1443,izajur,0,493
1443,Mh.Maruf,1302,1318
1443,manish_here,1485,1454
1443,xiaocaicaicai,0,493
1443,rashish_15,1221,1260
1443,harshgoyal185,1080,1164
1443,skylag,1480,1450
1443,mehar_batta,1325,1335
1443,ankiiitraj,1337,1343
1443,Pulkit_07,1082,1165
1443,Default_______________28,1318,1329
1443,dgupta0812,1637,1571
1443,ToniB,1304,1319
1443,hitm47,1327,1336
1443,imfcukedagain,1048,1142
1443,Drago_,1423,1406
1443,harshitkapoor,1310,1323
1443,navdeep_k19,1254,1282
1443,hasegawa1,1770,1676
1443,Azakarka,1568,1517
1443,nobukichi,1287,1367
1443,rafle,1418,1402
1443,anuragdvd,1260,1287
1443,abrar77,1320,1330
1443,srijan_de,1491,1458
1443,pryadav7,1311,1323
1443,geegatomar,1306,1320
1443,Ste,1470,1442
1443,arnab_baishnab,1466,1439
1443,Mex7,1283,1303
1443,kcravuritg,1285,1305
1443,deramida,1205,1318
1443,KRHero,1659,1587
1443,vaibhav.tyagi.phe17,1636,1569
1443,arock0125,1278,1299
1443,supermarine,1395,1385
1443,ishan008,1266,1291
1443,HeaLer1312,960,1136
1443,Simon_,1037,1134
1443,jason_becker,1219,1257
1443,bansalkanha68,1362,1360
1443,OmarFouad,1233,1267
1443,CoderPratik,1259,1285
1443,ORI,1253,1281
1443,xritzx,1231,1265
1443,Reaper_grim,1512,1473
1443,leviwc,1741,1652
1443,RuthlessAggression,1436,1416
1443,Vishi_08,1421,1404
1443,Raj1944,1189,1236
1443,Mr_Si,1235,1268
1443,kagura_kanami,1444,1421
1443,anonyms_IITK,932,1150
1443,Aaste123,1439,1417
1443,_Nocturnal,1482,1450
1443,urruti,1289,1306
1443,milaXD,1828,1721
1443,Nitika30,1116,1185
1443,yagnesh_gehlot,928,1064
1443,_Vishwa,1257,1283
1443,Hidder,1418,1401
1443,Chronos13,1323,1331
1443,akshaygupta26,1469,1440
1443,zavygy,1356,1355
1443,MissingMoon,1426,1407
1443,__mahakal,1479,1447
1443,aradhana_kund,1077,1159
1443,Naim,1237,1269
1443,coderboss,1445,1422
1443,Ahmed_Allawati,1233,1266
1443,NeoZap,1853,1742
1443,llehctim,1431,1411
1443,heisenberg1208,1593,1535
1443,clement1n0t,1417,1400
1443,_beetroot,1429,1409
1443,saarang,1535,1490
1443,bitshifter42,1136,1198
1443,Hohenheim20,1278,1298
1443,littlechai,1354,1353
1443,Bolke,1542,1495
1443,sankalprane,1289,1305
1443,fgfamy,1551,1502
1443,Sarvesh10,1274,1295
1443,Lord_Aragorn,1464,1435
1443,dcshin,1513,1473
1443,kc54,1557,1506
1443,.Accepted.,1152,1209
1443,gf_needed_urgently,1682,1604
1443,EEE_cdi,1297,1372
1443,donotknow,1494,1458
1443,rheo-chiti,1427,1407
1443,vikesh_pathania,1223,1258
1443,codeCell,1355,1353
1443,utkarsh_rai2000,1285,1302
1443,zhukov_ve,1315,1324
1443,T--o_o--T,1131,1194
1443,noThingWithoutGod,1037,1190
1443,RULO,1803,1700
1443,Pawan123,1259,1283
1443,LUCIFER_IS_BACK,1302,1314
1443,atishay127,1530,1485
1443,Shubham_1999,1243,1272
1443,k_25_s,1293,1307
1443,dark_ninja,1428,1408
1443,huahua,1723,1636
1443,kamrul_s,1553,1502
1443,te5555,1402,1388
1443,YouLa,879,1031
1443,AndreiJJ,1209,1248
1443,wgszcz,1159,1212
1443,Akhil_Rautela,1204,1244
1443,divyanshuGupta,1360,1356
1443,Shivam_07,1314,1322
1443,operation_red,1163,1284
1443,BlueBirdie,1369,1363
1443,mangesh2102000,1421,1402
1443,Protik_7,1307,1317
1443,Falsey,473,816
1443,Anjaneyrai,1276,1295
1443,Tarun_19,1378,1369
1443,ground_zero,1594,1534
1443,qwerty29,1214,1250
1443,TheHavoc,1568,1513
1443,patriot1488,1821,1714
1443,Ganddalf,1538,1491
1443,juggernaut_3,1360,1356
1443,ayush176,1462,1432
1443,ka16,1069,1151
1443,amanthakur,1315,1322
1443,sizzula,1370,1363
1443,2wo,1256,1280
1443,meng000,1189,1232
1443,harshjaiswalcr7,1612,1547
1443,kakarot__,1266,1287
1443,Ifan,443,793
1443,wangak,1322,1327
1443,notAnAltAccount,1610,1546
1443,ankitt04,1574,1518
1443,MaNDOOoo,1330,1333
1443,dheerajkhatri0802,1146,1202
1443,adyyy,1452,1424
1443,bit_lxy2018,1512,1470
1443,no___name,961,1133
1443,Aaj_me_fodega,1354,1351
1443,sajibcuet09,1105,1174
1443,A.zoybzo,0,488
1443,VenuManikanta,1366,1397
1443,BrantWang,602,906
1443,rafi_alam,1347,1345
1443,hiiamayushranjan,1345,1344
1443,parallal,1547,1497
1443,piyush33patel,1276,1293
1443,Cantor.,841,1078
1443,tsukaya,1111,1178
1443,safon,1659,1584
1443,ThoughtNerd,1467,1435
1443,Akshit1515,1493,1455
1443,moonraker,1497,1458
1443,aditya3356,1254,1277
1443,akifpathan,1613,1548
1443,RamInBoots,1475,1442
1443,mr_cruise,1415,1396
1443,kimmypracha,1629,1560
1443,OmPrakashIIT,1033,1177
1443,chroot_,1355,1351
1443,ankitvats_14,1292,1304
1443,hnust_hourunlong,1316,1322
1443,atulkumarmaurya201,1122,1185
1443,little.white.4,1346,1344
1443,Sarashina_Ruka,859,1091
1443,aakankshadubey,1308,1316
1443,WAZXYY,436,786
1443,Cuws,995,1101
1443,shahil_005,1482,1446
1443,seeker_26,1368,1360
1443,abhinash6g,1278,1294
1443,MMMich,792,1041
1443,so4649,1553,1501
1443,sauravUppoor,1387,1374
1443,Arctic_Clam,1160,1210
1443,Sho,1777,1677
1443,Code_devil2,1181,1225
1443,WorstCoder45,1391,1377
1443,omarshagar,1593,1531
1443,ajaymodi,1222,1253
1443,JainSaloni,1445,1418
1443,dhiraj-01,1427,1404
1443,hardikkapoor,1853,1738
1443,malratz,924,1105
1443,coderoohaann,1468,1435
1443,joshi08,1388,1374
1443,chenchichi_renxiaren,1106,1238
1443,QAQ_QWQ,743,1004
1443,kush_b,1567,1511
1443,Belal_mahmud,1184,1226
1443,sleeping_samurai,1336,1335
1443,trandan99,1115,1179
1443,eytant1,1347,1344
1443,preyam,1594,1531
1443,RogueNinja,1734,1642
1443,starboy_jb,1546,1495
1443,kshitesh,1486,1448
1443,ashraful9194,1185,1227
1443,shahriar_123,1447,1419
1443,bhupat2000,1128,1187
1443,gedenteen,1191,1231
1443,deep07,1192,1231
1443,Amaterasu,1272,1288
1443,deependra_18,1248,1271
1443,prakalpshakya31,1391,1375
1443,anvexior,1618,1550
1443,AJAY_VAIBHAV,1571,1513
1443,lubbock,1169,1215
1443,ritwik2019,1214,1246
1443,TheSmurf,1442,1414
1443,arujbansal,1531,1482
1443,prajitkumar,1410,1390
1443,dy_by_dx,1450,1420
1443,aksh02,1283,1296
1443,AbdelmagedNour,1164,1212
1443,prako_87,1374,1363
1443,thebeyonder,942,1065
1443,jpgmoreira,1340,1337
1443,Moawya_AbdulRahman,1191,1230
1443,ak_shrana,1467,1433
1443,agarwala2512,1506,1462
1443,monna4335,1316,1320
1443,overlord007,1371,1360
1443,saniya3010,1495,1454
1443,Gesgha,1326,1327
1443,fuxiaoxin,1767,1668
1443,CaptainSon,1073,1149
1443,amol.samota,1344,1340
1443,Chintu_from_WhiteHatJr,1188,1285
1443,arnav21,1250,1271
1443,typong,1228,1329
1443,dhaval07,1151,1202
1443,Ryeblablabla,1339,1336
1443,bits0803,1395,1377
1443,Detroit.beau,1378,1365
1443,enheng,1141,1251
1443,RDX_3.O,1316,1319
1443,justforcodes5939,1120,1215
1443,_SpeedDemon,1531,1482
1443,sannick01,1318,1320
1443,Ganzagun,1169,1214
1443,_bipulsingh,1221,1250
1443,alensj1999,869,1063
1443,orangeorange,1488,1448
1443,Pranay2516,1261,1279
1443,Abdelrahman.ELmeniawy,1441,1412
1443,123kinkin,1230,1257
1443,Sharanga,0,484
1443,soxsx,361,729
1443,Vipul_183,1569,1511
1443,ababababc,1263,1280
1443,KIBRIA_22,1592,1528
1443,S_Rifat,1340,1336
1443,demony,1469,1434
1443,Sugarnya,1259,1277
1443,i_need_to_handle_rage,1272,1286
1443,ikeha,1140,1193
1443,bobbilyking,1514,1468
1443,amnsng,1882,1760
1443,heme007ndra,1619,1549
1443,PaNika,1244,1266
1443,Rayhan_ahmed,1211,1243
1443,Eliezer,1165,1267
1443,ChesterKing,1393,1375
1443,travelers,1571,1512
1443,morty_007,1706,1618
1443,chen910606,1027,1168
1443,Sprite_,1538,1486
1443,Goobne,0,484
1443,mrPerfect771,1221,1249
1443,zkss,1318,1319
1443,__Chinmay__,1380,1365
1443,Pieck,1403,1383
1443,renn,1563,1505
1443,Parihar,1319,1320
1443,amarnathsama,1632,1559
1443,bhagatsunny96,1486,1446
1443,Shub124,1390,1373
1443,mdp,1285,1295
1443,mennafadali,1768,1668
1443,jszz,1341,1336
1443,bhaskartripathi2512,1353,1345
1443,may_007,1597,1532
1443,ronels229,1228,1254
1443,aditya_chirania,1538,1486
1443,pheonix_alpha,1312,1315
1443,jrxie22,1062,1139
1443,_aksh_,1310,1313
1443,koko_eldaief,1238,1261
1443,vineeth_kada,0,483
1443,Y4nKee,1480,1440
1443,gupta_arpit_,1243,1265
1443,mahadi97,1680,1597
1443,sillynsweet,1818,1708
1443,bWayne,1445,1414
1443,is_this_fft2,1035,1121
1443,zpydebaba,1101,1165
1443,Tanvir_Rasel,1275,1287
1443,ILTlj,1247,1267
1443,Meth_Head,1439,1410
1443,ammaka,1344,1338
1443,ss057,1208,1239
1443,GeekMind2000,1185,1223
1443,shacastic,1274,1286
1443,sachinait,1193,1228
1443,hxu10,645,940
1443,_taylorswift13,1491,1448
1443,MHNaderi,1618,1547
1443,akshat_jindal,1382,1365
1443,haengsyo,1782,1678
1443,GpQhBTMZSvYvmcfH,1378,1363
1443,Bisnu,1273,1285
1443,Sumarbrander,1689,1603
1443,pwliao,1575,1513
1443,vqt,1407,1385
1443,drifter_kabir,1192,1227
1443,levak,1062,1138
1443,sumanpramanik000,1198,1232
1443,macdod,1357,1347
1443,shehabshehab007,1115,1174
1443,Encoder,1454,1420
1443,Omar_Elaraby,1494,1451
1443,ndb1996,1568,1507
1443,Tanmay,1068,1141
1443,MarioPariona117,1509,1462
1443,EvenX_v2,1561,1502
1443,C_BhaveshKumar,1277,1288
1443,moli2398,1406,1383
1443,tushar2805,1273,1346
1443,GTX1999inside,0,481
1443,sanchit_1999,1483,1442
1443,dunk_066,1228,1252
1443,18_Pranjul,1558,1500
1443,Life,1423,1396
1443,yogesh0,1264,1278
1443,BitSane,1599,1532
1443,thekushalghosh,1474,1435
1443,lyzpm,1588,1523
1443,redwings,1491,1448
1443,Jagonmoy,1458,1422
1443,condensed_milk,1638,1562
1443,tan_delhi,1494,1450
1443,_NICkk,1077,1147
1443,ayushgupta_,1467,1429
1443,tosang,1357,1345
1443,m_scofield,1437,1406
1443,tAceepted,1246,1264
1443,k_k_s,1363,1350
1443,striver_69,1073,1178
1443,abhissingh,1349,1340
1443,pankaz14,1328,1324
1443,qinqizhou,1473,1434
1443,bitaashna,1215,1242
1443,HOW_ALL_HAPPY,1601,1533
1443,simran12,1172,1212
1443,Peter_Mourad,1317,1315
1443,ebby,1100,1228
1443,heisenberg66,1262,1276
1443,UncleSema,1680,1595
1443,pranto1209,1256,1271
1443,threshold,694,962
1443,explorator,1240,1260
1443,Shift_,852,1047
1443,tarunbhandari825,1332,1327
1443,Darkboi,1350,1340
1443,shan_20,1303,1305
1443,feelme,1207,1236
1443,_CPE_,1155,1199
1443,vivekvarma175,1098,1160
1443,Akash_Roy,1174,1212
1443,Joker2333,1266,1278
1443,GB11,1326,1322
1443,whynotshadow,1073,1143
1443,xwd654,1327,1322
1443,aswwwanth,1616,1544
1443,dinosaurabh,1446,1412
1443,tashbulatov_renat,1189,1223
1443,jinn,1016,1105
1443,Nour,1282,1290
1443,M4r10,1551,1493
1443,jhjfbsbfkbjfnfnfjfj,1151,1196
1443,tejasborkar74,1096,1158
1443,naksh9619_,1611,1540
1443,The_Arsenal,1263,1275
1443,Makha,1112,1169
1443,utkarsh.sharma,1454,1418
1443,Insane_Insaaan,1217,1242
1443,jh__,0,480
1443,AjaySabarish,1549,1491
1443,jainor,1687,1600
1443,chiggy1777,940,1056
1443,max0n,1445,1411
1443,guoyongcong,898,1030
1443,thenromanov,405,756
1443,ashty243,1427,1397
1443,clairvoyant,1423,1394
1443,snipzy2001,1325,1320
1443,yaihacks,1375,1357
1443,m_r_nobody,1133,1183
1443,nikita.singh,1020,1107
1443,artist_13,1450,1414
1443,Q_Bankruptcy,1048,1125
1443,SJ26,1301,1303
1443,Zeeman01,1450,1414
1443,Quan_123,635,919
1443,its_naveen,1197,1227
1443,fdevil_07,1348,1337
1443,QED,1248,1264
1443,Saimun_Islam,1205,1233
1443,mubin_akib,1319,1315
1443,Happy_To_Code,1052,1128
1443,lukesfather,1213,1238
1443,Papa_Stalin,1179,1214
1443,Anu1999,1469,1429
1443,-senshi-,1496,1449
1443,face_off_ffo_ecaf,1325,1319
1443,Sportsman,1311,1309
1443,umitsaha,1262,1273
1443,Tinkidinki,1429,1398
1443,rajneeshmalviya,956,1065
1443,Mustafiz,1134,1183
1443,akashmmm,735,932
1443,akash_baghel,1397,1374
1443,martin1,1619,1545
1443,Stream_Cipher,1463,1424
1443,astro_lion,1248,1263
1443,spetsnaz,1791,1683
1443,dextermorgan029,424,768
1443,towhid1zaman,1455,1417
1443,Runtime_Terror2021,1055,1129
1443,CodeKracker,1462,1423
1443,__Retrieve,828,1059
1443,rocky13452,999,1092
1443,pikachu__,903,1077
1443,1802042,1415,1387
1443,BluBeer,1525,1471
1443,ridl,1441,1406
1443,NeverSpec,1310,1307
1443,SurajPatil,1500,1452
1443,nuralam024,1619,1544
1443,shareef12,1255,1267
1443,MattMcGuire,358,720
1443,Devika19,1559,1497
1443,lory1608,1501,1452
1443,anishpatil,1418,1388
1443,_as52_,1173,1209
1443,ashmeet_1999,1322,1317
1443,codingFreak_,1299,1299
1443,Devanshu_Singla,1461,1421
1443,bombaysaphire,1223,1244
1443,SaraXorSaraXorSara,1173,1209
1443,new_account00,1329,1322
1443,saurabh2311,1125,1175
1443,wei99,1405,1379
1443,dhritishman22,1166,1204
1443,rk173238,1054,1127
1443,sherlock8696,1478,1434
1443,lausme1,453,789
1443,asma_chy,1505,1455
1443,ganpa,1077,1142
1443,Hadi_aa,1508,1457
1443,hanguksaram,1493,1513
1443,Pensive,1307,1305
1443,forgelife,1373,1354
1443,ab_24,1377,1357
1443,CCS_Covenant,1571,1506
1443,dutin,1119,1227
1443,priyansh.sh,1111,1165
1443,um_p,1561,1498
1443,Devised_positive,1287,1290
1443,newbieBorn,802,1038
1443,Ravi_26,1220,1241
1443,littlebox,1252,1326
1443,tanishq_code_c,1282,1286
1443,SrieMuksim,982,1112
1443,sonu7134,955,1062
1443,zhezhengsong,1548,1487
1443,kaustuv,1286,1288
1443,kforspoj,1090,1205
1443,YareYare,1145,1188
1443,Aditya007,1630,1552
1443,harshitmakhija1204,1402,1375
1443,Elirso,857,1079
1443,moyan1082,889,1020
1443,man_of_culture,1397,1372
1443,FelipeNuti,1191,1220
1443,XORring-Samurai,1433,1399
1443,cpp_code,1263,1272
1443,msk_abyss,1057,1128
1443,togoevidaviti,1387,1364
1443,ballist,1158,1197
1443,the_black_marlin,1438,1441
1443,Lumm,1291,1292
1443,butterflies,951,1113
1443,lakshya492,1510,1457
1443,parascoding,811,972
1443,bosdika,759,942
1443,Amit_123,1017,1101
1443,2000ms,1238,1253
1443,DvX5,1434,1399
1443,CorvusGlaive,1282,1285
1443,sumitsahu,1315,1309
1443,WA_TLE_AC,1238,1253
1443,zeitnot,1848,1727
1443,chaudhary,1187,1216
1443,amar277,1351,1336
1443,kRypt0n8,1241,1255
1443,NekuSakuraba,1188,1217
1443,himanshucse_19,1321,1313
1443,dbsthdud918,1539,1480
1443,dearthefire,1446,1408
1443,Mike4235,1690,1599
1443,bmax,1100,1223
1443,sidjoharwal,1021,1102
1443,rajeevmaurya9794280914,1111,1163
1443,chowchungyan,1295,1294
1443,choppy,957,1061
1443,dhruva_shashi,1573,1506
1443,swapnil_kishore,1507,1455
1443,Romario8,1131,1177
1443,N431M_24M4N,976,1073
1443,Tanishjain10,1150,1190
1443,dhairya_786,1051,1122
1443,Harshwardhan_Yadav,1128,1174
1443,sumontoc,1093,1150
1443,milind0110,1181,1211
1443,heisenberg69,1342,1328
1443,Srisai,1311,1305
1443,saurabh_chaubey,1362,1343
1443,geniusPotato,1655,1571
1443,manishkheta321,1337,1324
1443,myav,1255,1264
1443,xianlong,1890,1761
1443,hAsanKabid241,1347,1332
1443,elements,1205,1228
1443,WFU2018zhu,1251,1261
1443,Wake_Up_Eat_Sleep,954,1058
1443,dmc768,942,1051
1443,Zez,1581,1512
1443,plural516,988,1080
1443,I_Monim,1091,1148
1443,ljuba,1382,1358
1443,__rm__,1273,1277
1443,sri_vastava,1444,1405
1443,recuraki,1419,1386
1443,parvezaalam786,1102,1155
1443,shettypriyesh,1343,1328
1443,_nobody_,1492,1442
1443,arcticblazer,1135,1214
1443,Tadas,1479,1432
1443,MEHovik,1075,1192
1443,CRONOS,1262,1269
1443,nagasudhakar,1359,1340
1443,MugiW4ra,1303,1299
1443,tama_ei_ole_mina,1201,1224
1443,ace5,1521,1464
1443,gangwaranshika2927,1409,1378
1443,bootcoder,1050,1120
1443,mr_cchef,1192,1218
1443,LLF,1146,1185
1443,srishtibajpai,1310,1303
1443,Maco1503,1105,1157
1443,skmprohunt,1075,1137
1443,tejpratapp468,1204,1226
1443,one_second,1391,1364
1443,Pan_da,1590,1518
1443,Thread_Ripper,1268,1272
1443,deeprishi88,1215,1234
1443,jelly-brains,675,941
1443,abhi542136,1323,1313
1443,AgentCode,1154,1191
1443,NuclearEngineer,865,1048
1443,Noob_Coder2.0,1279,1280
1443,shekabhi1208,964,1063
1443,19August,433,770
1443,ThEgoodestboy,1148,1186
1443,katara,1557,1492
1443,_justchilll,1135,1177
1443,tinkuMon,524,839
1443,ghost331,1178,1207
1443,pucuk16,1240,1251
1443,tigicha,890,1101
1443,swift1712,1426,1390
1443,kill_the_code,1295,1292
1443,Mohammad_Abohasan,1095,1149
1443,VandanRogheliya,1593,1520
1443,byteCode22279,1209,1229
1443,juxtaposek,1172,1276
1443,lijiafan678,1549,1485
1443,dp_man,1281,1281
1443,persistent,1406,1375
1443,Echp0chmak,1248,1257
1443,PoWeR_LeSs,1154,1190
1443,dariabondarenko,1513,1457
1443,Mukul9897,1325,1313
1443,Rajawali89,1161,1195
1443,0rch1d,1220,1236
1443,Tenac-ious-,1196,1219
1443,Mahfel,1386,1360
1443,Nushrat_Jahan,1000,1085
1443,oopsilon,1473,1426
1443,ajitshiva007,1335,1321
1443,codeTheworld3101,1243,1253
1443,_dipu,1821,1703
1443,qwerty_98,1214,1232
1443,pandoomanda,1031,1105
1443,Monky,1118,1199
1443,mrQalbiat,1383,1357
1443,CodeR_SaaD,1206,1226
1443,harshhks,1501,1447
1443,rakshitjain13,1355,1336
1443,stunareeb_09,1186,1212
1443,342472121,475,801
1443,Rauzaruk,1201,1222
1443,Rishabh.25,1216,1233
1443,Grim_Firefly,1297,1292
1443,FikiCar,1223,1238
1443,tusharnankani,1187,1212
1443,i_m_arin,1386,1359
1443,nitish_kumar_07,1216,1233
1443,smalex69,1156,1190
1443,putian,1211,1229
1443,fallow.man,933,1090
1443,hnust_yuanyefei,1049,1117
1443,Half_Vampire,1018,1096
1443,dubeyishan,1129,1206
1443,silenceofranger,1285,1282
1443,Akshaya6,1581,1509
1443,sanchi29,1027,1102
1443,thasin_sheikh,1025,1100
1443,iam_baju,1510,1454
1443,nayann_11,1046,1114
1443,Luanlai,988,1127
1443,shhmad,1024,1099
1443,QooBeeLurks,1331,1316
1443,Harshit4u,1018,1096
1443,airh4ck,1271,1272
1443,king_19,1191,1215
1443,chandureddyn5,1344,1326
1443,blackdranzer,703,959
1443,noob_coder0,1225,1300
1443,l_FoRbIdDeN_l,1380,1354
1443,arjun_singh12,1405,1373
1443,lucifer085,1044,1112
1443,divyevilking,1199,1220
1443,east_storm,1329,1315
1443,Forward.,1468,1421
1443,KarthikeySaxena,1637,1553
1443,Xacman,1090,1178
1443,vbabal,1276,1275
1443,991rajat,964,1060
1443,ab_1607,1317,1305
1443,MrAlex18,1458,1413
1443,cSERAFIMc,935,1089
1443,Vasillia,1120,1220
1443,RiShAbHJain,1664,1574
1443,itachi_uchiha_10,1125,1202
1443,ThatShyy,1505,1449
1443,Hridoy23,1318,1306
1443,just4this,734,981
1443,rishav,1446,1403
1443,subrata1999,1148,1183
1443,reboot_restart,0,472
1443,celestial25,1147,1182
1443,I_believe_in_myself,1278,1276
1443,dirlewangerrr,1242,1250
1443,CodingKnight,1329,1314
1443,mangat_angad,1388,1359
1443,zagvozdkin,1829,1708
1443,Ihtemadul,1313,1302
1443,heisenbug04,1101,1150
1443,savi1311,1265,1266
1443,qwertyone,987,1125
1443,edgelord0,1206,1224
1443,RS_07,1122,1164
1443,dmitrymack,1056,1119
1443,CodingBeast_A,1247,1254
1443,deopan,1170,1198
1443,Show_2.5_Need,1219,1233
1443,avikrit_10,1233,1243
1443,Shaitan_Machine,1336,1319
1443,WaduHekSucka,1427,1388
1443,mirsd_19,995,1079
1443,pakshi_141199,1115,1159
1443,dc01,1075,1131
1443,k1sara,1261,1263
1443,ojha_abhi,358,711
1443,Fearless,1403,1370
1443,ag1998,1112,1157
1443,Muskan_Kuchhal,1316,1304
1443,wudiqingliu,1330,1314
1443,piyush_2.0,1285,1281
1443,Pulpysimus,1026,1099
1443,tejasmk1,1202,1220
1443,escode,600,883
1443,sdlyswr,1368,1343
1443,Ankit_Kaul,1327,1311
1443,Imnisarg,1170,1197
1443,Cizzy,1350,1394
1443,mouryasatyam,735,980
1443,Saber8877,1054,1117
1443,UltimateDeath,1446,1402
1443,0ideas,1108,1153
1443,teexone,1501,1445
1443,AbdalrhmanEssam,1278,1275
1443,uchiha_itachi_99,1329,1313
1443,ankurrathinsit,1290,1284
1443,akashforces0102,1070,1127
1443,Nik_start,1277,1274
1443,ADITYA_GOD,1269,1268
1443,DayH,1399,1366
1443,AitsukiNakuru,434,766
1443,soy_ankit,1316,1303
1443,RohanShankar,1492,1437
1443,Rush_iam,1142,1212
1443,kirillbobyrev,1621,1539
1443,saurabh_129,1250,1254
1443,satvik_072,1301,1291
1443,cloud_007,1313,1300
1443,HS_88,1161,1190
1443,Rajat_2203,1404,1369
1443,Hades,1319,1305
1443,h01sachan,1307,1296
1443,collapsing,1337,1318
1443,Enderwwoman,1367,1341
1443,Adityasharma15,1234,1242
1443,ashutosh1177,1223,1271
1443,weird_,782,945
1443,Mahim,1228,1237
1443,_Faizul_,1476,1424
1443,Wuzart,1126,1165
1443,skenfkd,1450,1404
1443,PPX_pipixia,1509,1450
1443,wxy3265,0,470
1443,arpitpansari,1154,1184
1443,VishalGaurav,1137,1173
1443,Qimu,1011,1087
1443,naman5811,1105,1150
1443,nitishchaudhary44,1313,1300
1443,siddharth6780,1257,1258
1443,dcfan2612,1149,1181
1443,TheAimless,1412,1375
1443,Ramy_Monazaa,1325,1308
1443,sanskar_g,1094,1142
1443,Gevorg_Boyakhchyan2004,1195,1213
1443,mystic_ankush,1421,1382
1443,Dilemma27,1449,1403
1443,agrayush13,959,1052
1443,shivambhattad,1125,1164
1443,Alireza_Goldoust,1070,1126
1443,Yeerke,1539,1473
1443,fakeid26,1425,1385
1443,Sajjad_fc13,1142,1175
1443,ManiCodeBits,997,1077
1443,8ingWings,1141,1175
1443,turtle407,1329,1311
1443,Zknj_Qzmizm,1087,1137
1443,segment_tea,1699,1600
1443,zhbdripon,1190,1209
1443,DAMPER,1289,1281
1443,kedar1514,1235,1242
1443,Yetier,1277,1272
1443,gerk_,485,804
1443,vaibhav_lmp,1255,1256
1443,saketramsinghani,1001,1079
1443,ankit_1708,994,1074
1443,d0geachu,1647,1558
1443,dineshdkda31,1058,1172
1443,satyam512,1481,1427
1443,aryan_rn,1329,1311
1443,vv1234,1341,1320
1443,VenomInVein,1317,1302
1443,adios,1122,1161
1443,weliveyoung,1236,1242
1443,shwn_Toss,1200,1216
1443,rushilpaul,1243,1247
1443,aguaMT,995,1075
1443,Carmel_Ab1,1472,1420
1443,stephen_curry_20,0,468
1443,ch----jib,1205,1219
1443,Anik_MBSTU,1130,1166
1443,sKSama,1283,1276
1443,KhanShaheb,1469,1418
1443,Huascar,1127,1163
1443,Aaurora,1125,1197
1443,afidodree,1155,1183
1443,bdaddy,1130,1166
1443,SSJG_KakAroT,1282,1275
1443,elyagami,1312,1297
1443,lebron87,1357,1332
1443,suckerfox,1126,1163
1443,Siddhi_Jha,1025,1094
1443,PsYcO-kk,1355,1330
1443,Madhur_V,1427,1385
1443,BelalMoawad,1146,1177
1443,Fighting_Falcon,1152,1181
1443,Unknown__King,1107,1149
1443,cervotrex,1344,1322
1443,Tanmay_Gupta,1181,1202
1443,090,1390,1356
1443,Aakash_1998,1247,1249
1443,jinyj,1305,1292
1443,ap__singh,1031,1097
1443,Ishu_Agarwal,1151,1180
1443,cwf123,1209,1222
1443,Anand_Bhardwaj,1258,1256
1443,iclive,1306,1357
1443,go_corona_go,1453,1404
1443,abhijeet010304,1362,1335
1443,mr.gaurav5643976,1235,1240
1443,nishitdua25,1195,1211
1443,Tanzin_Ahammad,1268,1264
1443,EXPIRED143883__,1085,1133
1443,s_s_k,1031,1097
1443,kjfunh,1172,1194
1443,_SmallY,1295,1284
1443,ishaan2908,1290,1280
1443,Yuchi,1015,1086
1443,amiitsharma1,1109,1150
1443,RndMember,1190,1207
1443,spursbird,1365,1337
1443,_Spyder_,1078,1128
1443,ExitCode,1284,1276
1443,6-_-9,1297,1285
1443,zxdxja,1241,1244
1443,Amanyagami,991,1070
1443,Maks_na_codforce,1246,1248
1443,thunderboltz,1111,1151
1443,Success_DD,1324,1305
1443,Expired,899,1011
1443,Sanjeev_Nu,1115,1154
1443,Tkehsihba,1093,1139
1443,garou11,972,1090
1443,Raj1199,1214,1286
1443,08coder23,1119,1156
1443,AlexLorintz,1436,1390
1443,redoc_007,1217,1226
1443,vbv2312207,1281,1272
1443,I_love_Mansur4ik,924,1058
1443,Ho33ein,1243,1245
1443,zzttxx123,406,742
1443,G___Autmk,1249,1249
1443,twelve12,1040,1136
1443,rohit_lodhi,1215,1224
1443,the_alien,1321,1302
1443,ErrorMaker,1223,1230
1443,MasterNinja,908,1016
1443,RagdaPatiz,467,787
1443,izu007,1065,1119
1443,Salty_Fish_,1265,1260
1443,Ninad_0408,1134,1166
1443,lanbowan,1191,1207
1443,code_explorer123,993,1070
1443,Egoryu,1215,1224
1443,NaSaPaKri,1375,1343
1443,atharvtyagi,0,466
1443,mercurist,1056,1167
1443,Kesav5658,960,1049
1443,dopefresh,1095,1139
1443,TheFourCyWJ,1478,1422
1443,harshitabhalla,1175,1195
1443,amin2022,694,945
1443,abkshanu,1194,1208
1443,Nirvana___Flame,1111,1150
1443,draganfire,1460,1408
1443,PAG,1003,1076
1443,VIJAY_PAL,1090,1135
1443,lollmao388,1098,1140
1443,FlowNai,1200,1213
1443,MSCReddy,1214,1223
1443,Schrute_D2,1227,1232
1443,virallalakia,1243,1243
1443,Freiden,1129,1162
1443,aman3480,1119,1155
1443,aryanbhai,1182,1199
1443,Mr_Ant9,892,1005
1443,Alish26,890,1051
1443,___Yash___,1282,1272
1443,Giornox,1314,1296
1443,aayushindwan,1356,1328
1443,Prabhu_AGS,1239,1240
1443,aimoon,1005,1077
1443,cartoonislove,968,1053
1443,kalyan71,1311,1294
1443,-1stupid,1210,1219
1443,aniket173000,1177,1195
1443,ramywafa,1194,1207
1443,mrRobot,1179,1197
1443,harshitrai1104,1037,1098
1443,I_Killed_Jason_Todd,1233,1235
1443,anisur15,1139,1169
1443,Harshlyn94,1188,1203
1443,Fahimm,1229,1233
1443,harsh06,1113,1150
1443,Invinci_1,1270,1263
1443,deepakdpk77,1144,1172
1443,auddy,1014,1082
1443,aishik_cs,1220,1226
1443,inferno_19,1363,1333
1443,Assembler_101,1256,1252
1443,D01t,1187,1202
1443,deepak_19,1622,1534
1443,Vineet.Ahuja07,1296,1282
1443,ek_number_1,1083,1128
1443,o0o0oo00,1656,1562
1443,_LuHeart_,926,1025
1443,hike_21,0,465
1443,king_No.1,1121,1155
1443,Jarvis_sharma,1273,1265
1443,lvanish,1094,1136
1443,jain_shreyansh,1043,1101
1443,Rishu_25,1174,1192
1443,venus-1,1268,1261
1443,indomitable_will,1322,1301
1443,praneetk77,1312,1293
1443,rsgt24,1334,1310
1443,kavya_agarwal,1437,1389
1443,pkpawan,1328,1306
1443,badTouch,1053,1108
1443,Errorist,1307,1289
1443,KnightKnight,1500,1438
1443,expc_,1423,1378
1443,nawin,1219,1224
1443,6epmvH,1236,1237
1443,VipulAgrawal31,1089,1132
1443,Amiy_Tiwari,733,971
1443,anshuman17,1096,1137
1443,meghahegde,1218,1223
1443,ahamed,1039,1098
1443,grandb369,1484,1425
1443,DevilXfiero,1348,1321
1443,WhiskeyBonBons,1294,1279
1443,naitikvarshney,1285,1272
1443,tushar284,1503,1439
1443,TANGPE1HUA,1113,1148
1443,khalil__,681,933
1443,mohitv02,1022,1086
1443,Rohan_Park,1295,1280
1443,Ajmain_Abir,1077,1124
1443,kartikm31,1082,1126
1443,pere_gil,1083,1127
1443,shivamsaluja20,1462,1407
1443,LegendNI,946,1036
1443,Stupid_Piece,1264,1257
1443,Taukekhan_,1189,1202
1443,akwarrier,704,949
1443,RakibulRanak,1430,1382
1443,let_the_game_begin,1182,1197
1443,anastasis01,1136,1164
1443,utkarshkanswal,1271,1262
1443,LORD_AC,1217,1222
1443,alpha_022,1202,1211
1443,SitaRam_11,1225,1228
1443,mharshit30,1423,1377
1443,ankiisnap,1131,1160
1443,20191003176,1223,1226
1443,wawa1551,487,799
1443,se_mi_colon,1157,1179
1443,SU_N_NY,1353,1323
1443,rafa45,983,1059
1443,ikdjfkjnfkjnvjk,632,896
1443,InvalidSyntax,417,746
1443,kartikgoel883,1097,1136
1443,notneeed,1013,1079
1443,priyeshjain44,601,874
1443,rvrishav7,890,1000
1443,_nil_,1373,1338
1443,shawonkumarsaha71,1101,1139
1443,Ankitttt_01,1230,1231
1443,codecunt7,1352,1322
1443,Sparrow_Guo,1385,1347
1443,clever_n_tired,1084,1127
1443,anubhav0816,1126,1156
1443,evilDarkness,1169,1186
1443,asthaagarwal20,1168,1185
1443,mayank-ms088,1342,1315
1443,abhi_gupta,1331,1307
1443,mspurohit09,1472,1415
1443,prshnt19,1271,1261
1443,deepaksing,980,1057
1443,striver290,0,462
1443,shubhamraj_,1394,1354
1443,sakshi21g,1335,1309
1443,anhkha1004,1459,1404
1443,R_ag,1226,1227
1443,porwal_ayush18,1128,1157
1443,rohan101,1529,1459
1443,Cment__Mixer,1374,1338
1443,KHOI-LTT,1695,1591
1443,tsyxxxka,977,1106
1443,Alexfj08,1273,1262
1443,Star_mehul,1224,1226
1443,skabhishekgz6,895,1001
1443,prateek_1106,1463,1407
1443,_Archangel_,1128,1192
1443,lamrin,1046,1100
1443,ChoTa_Bheem,1305,1286
1443,25shrestha97,1249,1244
1443,AchintyaKumar20,1237,1235
1443,tareq578,1385,1347
1443,chugaev,1279,1266
1443,waltz26,1151,1172
1443,Salvatore,1327,1302
1443,rivnam,1323,1300
1443,Saransh_30,811,995
1443,-I-Love-Islam,993,1064
1443,30namp,1343,1314
1443,Mukhosh_,897,1002
1443,LeoHuerta,982,1057
1443,FalVy,1442,1390
1443,MahmoudReda,1175,1189
1443,iabhishek15,1535,1463
1443,ankushkhanna,1606,1519
1443,aman117,1212,1216
1443,noobb123,920,1016
1443,AtiBansal,1089,1129
1443,epsilonr,1315,1293
1443,mansisinha16,1425,1377
1443,anayg136,1094,1132
1443,55183756HungHP,373,711
1443,simonboegs,1323,1337
1443,guptatanmay18,1324,1299
1443,_tak_,1361,1328
1443,usvsnsp,1243,1238
1443,sonu34,1053,1104
1443,Firestorm123,967,1046
1443,aceofspade1,1209,1214
1443,Shohan2000,1204,1210
1443,buzzing,1261,1252
1443,sakanksha_19,1097,1134
1443,faroukfaiz,1306,1286
1443,XTAIL,1456,1401
1443,panig_adarsh,1097,1134
1443,SatishBehera_28,1060,1108
1443,chonkachu,1122,1151
1443,Wable,884,1045
1443,AndZhi,1359,1326
1443,sameer17,1319,1295
1443,Shaurya,1136,1161
1443,Half_Empty,1022,1136
1443,EnderMaster,957,1099
1443,Chandel1373,1219,1221
1443,malthel,627,890
1443,joker_03,1131,1157
1443,parth.m,1085,1125
1443,Abdur_Rahman_Russel,1084,1124
1443,rendon,1361,1327
1443,VipinSharma01,1080,1121
1443,DanielQiu,1205,1246
1443,mmmd,1554,1477
1443,koxuan,1172,1186
1443,sezal,1206,1210
1443,AnikMaji,1229,1227
1443,Rahat_Khan_Pathan,1323,1298
1443,___whykay,1203,1208
1443,ash0904,1389,1348
1443,Gauranshu,1219,1220
1443,dee2018,1194,1202
1443,Jhin,1384,1344
1443,akkey_ankit,1094,1131
1443,ahsenkamal,639,898
1443,muzare_ali,1488,1425
1443,ngng628,1134,1218
1443,heisenberg_17,804,943
1443,vimer,1387,1346
1443,gbharath,1360,1326
1443,YHT_CC,564,856
1443,Upendra_Chauhan,1168,1183
1443,Maskur_ICT_MBSTU,871,983
1443,RIVA1412,1242,1236
1443,pratyushk82010,1082,1122
1443,Bg_,1289,1271
1443,jayaxm,1140,1163
1443,Hrt_throber,1378,1339
1443,pawan9117,1371,1334
1443,Oklati,1335,1307
1443,Fahad.sm,1107,1139
1443,Deathstroke02,1347,1316
1443,Fagun,995,1062
1443,Rahul_Thakur,1271,1258
1443,minhtapcode,1083,1157
1443,LBR,1451,1395
1443,infinite_wa,1121,1148
1443,sapt,1226,1224
1443,murtipiyush1,1162,1178
1443,sou_mon,1221,1220
1443,pritamjitmanna,1266,1254
1443,ecjtulove,1170,1183
1443,whitedevil11,992,1060
1443,Siddhant48,1307,1285
1443,thedominator,1360,1325
1443,lakshyaaggarwal,852,970
1443,H7GhosT,0,459
1443,ranger_2k,522,822
1443,ABhi_gyan,1234,1230
1443,guptaharshit,0,459
1443,jieunie,1063,1142
1443,Rockd07,1188,1196
1443,Amit_01,1219,1219
1443,storm20199,1203,1207
1443,guoyihua,1776,1655
1443,vernuu,1211,1213
1443,mr_berserker,1124,1150
1443,apar_harsh,1213,1214
1443,nikunj_,1138,1160
1443,hsinghal179,1007,1069
1443,Czarcasm,1313,1289
1443,khaled227,1294,1274
1443,ankit907,1499,1432
1443,prafull_vrsh,1527,1454
1443,skey,1223,1221
1443,robeert.77,1218,1217
1443,red_12,1209,1211
1443,i_am_apj,1189,1196
1443,Shweta28,1301,1279
1443,Mukul202,1353,1319
1443,surajverma8787,1207,1209
1443,the_expandable,1133,1156
1443,TheMisfits,1177,1187
1443,avi_p,1107,1137
1443,chill_cheese,1045,1095
1443,tuanio,1358,1322
1443,mingul,1233,1228
1443,EotUL8d7,955,1095
1443,skysinghthakur,1497,1430
1443,darkcry,1371,1332
1443,samarth_mittal12,1257,1246
1443,sanjuyarram,1257,1246
1443,kumar_618,823,998
1443,meimarcel,1078,1151
1443,Self_Controlled,895,996
1443,Hamed5001,1249,1240
1443,tuknait_akshat,1182,1190
1443,sid__tripathi,1119,1145
1443,rishita_singh,1301,1278
1443,Wyvern_,1487,1422
1443,Matsurika0,1011,1071
1443,Hales1,1212,1212
1443,akman10,1318,1291
1443,gopalagg,0,458
1443,lokesh20018,1229,1224
1443,samnoon,1121,1147
1443,hazy_007,1410,1362
1443,stocktonslap,1282,1264
1443,aa87_,1314,1288
1443,Farhan20,1146,1164
1443,akakash55,1242,1234
1443,chawlajay111,1400,1354
1443,Dk23,1238,1231
1443,7brownSnowman,1320,1293
1443,itian,1262,1249
1443,Zombie_18,1147,1165
1443,hrim,1466,1405
1443,Happy_Dog,1201,1204
1443,vinay_n_m,358,695
1443,Vibhor_Bhatnagar,1267,1252
1443,afzalul,1098,1130
1443,TwenX,1219,1280
1443,jdiamond,669,916
1443,papercold123,878,1037
1443,lechriz,994,1059
1443,girishgarg,1156,1170
1443,tejasrai144,1250,1239
1443,nikhilnagrale2,1044,1092
1443,windreaper,1598,1510
1443,moriarty1992,1232,1226
1443,mrdude7,1089,1123
1443,Hectorreto,419,741
1443,aticus,1021,1077
1443,DafuQ_o,1362,1324
1443,spartan_sj,1460,1400
1443,_MdSourav_,1249,1239
1443,JJ1224,1039,1088
1443,sippy_,1309,1283
1443,aditya7409,1211,1210
1443,GLASIABOLAS,1186,1192
1443,ilija_IR_13,1280,1261
1443,xuhao,0,457
1443,Anuj12499,1424,1372
1443,vishdom_2304,1296,1274
1443,Karna,1437,1381
1443,coding_sikha_do,1281,1262
1443,karthik_28,1279,1260
1443,rolenone,1178,1186
1443,GhaReeb2000,1388,1344
1443,Mej_jesy,1350,1315
1443,u10831016,1185,1191
1443,khushboo,1214,1212
1443,habib_wahid,940,1022
1443,liljunko,941,1082
1443,gzu_eternity,1164,1176
1443,Zeincho,1284,1264
1443,abhishek4981,1089,1122
1443,MaishFahmida1999,898,995
1443,adjanybekov,1016,1072
1443,iit2019096,1213,1211
1443,CelicaArfonia,1285,1265
1443,2ampoem,1031,1082
1443,FahimSifnatul,1143,1160
1443,smilemile,832,1002
1443,gaidash,1429,1375
1443,sashapd,1221,1217
1443,Sadiq_23,1152,1166
1443,divyanshu_kl,1181,1187
1443,gulab3092,0,456
1443,Adith082,1065,1105
1443,Amiiitian,1221,1216
1443,pandeykushagra51,1160,1172
1443,soheil4,1181,1187
1443,An_chen,1015,1071
1443,shorthair,1114,1139
1443,HayeOye,1158,1170
1443,wllw2011,1340,1306
1443,Deepakydv,1095,1126
1443,Alisher_Kamolov,1214,1211
1443,EzPizi,1449,1390
1443,jasony_sam,1337,1304
1443,Botanator,1629,1533
1443,MLE_50,958,1032
1443,Hebar,1321,1291
1443,Karansoni158,1355,1317
1443,B_Khan,805,1017
1443,MissCold,1193,1258
1443,Mhmmd.itani,1178,1184
1443,somerandomaltacc3034,892,990
1443,force-code,1300,1275
1443,imakshay_31,1338,1304
1443,moshiur21,1175,1182
1443,ujjwal_ab,1240,1230
1443,angesh,990,1053
1443,mumei,1360,1321
1443,shise,1198,1198
1443,crazyhacker,1083,1117
1443,AsishKM,1309,1282
1443,wtq12138,380,710
1443,baahubali7781,1136,1154
1443,I_love_Avicii,490,794
1443,aparmar.1700,1233,1224
1443,Tanzeel,1234,1225
1443,thehjain,1214,1210
1443,Irishka4,1331,1299
1443,Dsn,804,1016
1443,iam_agf,373,704
1443,nhspc24th,1043,1145
1443,Mysterrishu,1279,1259
1443,Fireflies_,1324,1293
1443,Indraji7,1145,1160
1443,BRAINIAC77,1689,1581
1443,star_force,904,996
1443,agw02010,1002,1060
1443,Ilove_coding,1339,1304
1443,Sorrow_boy,1114,1138
1443,gakkigakki,1381,1336
1443,timeisvaccum,1047,1090
1443,sayak2k1,1104,1130
1443,s_prateek26,987,1050
1443,Sanchit_91,665,910
1443,DickensTone,1203,1202
1443,COLDFEET,1394,1346
1443,xiaolanlan123,1205,1203
1443,s0049449,1120,1142
1443,kbmin24,0,455
1443,chaudhary_19,1434,1377
1443,anupriya13,1367,1325
1443,Sadik,1129,1148
1443,Raven_2306,0,454
1443,prajjwal_singh,1136,1152
1443,0reo0reo0,1363,1322
1443,emanuel2700,1479,1412
1443,tmriddle,1122,1142
1443,harsh23exe,1053,1094
1443,NSU_qsq,1238,1227
1443,ram,1123,1143
1443,mKunal_11,1035,1082
1443,aaditherise,1020,1139
1443,MuhammadHassan,1313,1284
1443,Dhokalemon,1269,1250
1443,lalalalaaa...,1243,1230
1443,sahil.kalamkar,1389,1342
1443,devilbro,1048,1091
1443,Anshuman2043,1254,1239
1443,Import_ThCODE,935,1015
1443,dutt_shouvik,1091,1120
1443,Coder_Shubham_24,970,1038
1443,Asif17r,1319,1288
1443,whywyh,1657,1554
1443,DumbCarlsen69,1260,1243
1443,liushengfeng_2023,1520,1445
1443,satty26,1340,1304
1443,AnACPlease,1102,1128
1443,los_pollo28,1225,1217
1443,kumarharsh,1121,1141
1443,RamezNabil,1251,1236
1443,subhammldlgh,1189,1190
1443,madrix01,687,925
1443,rhythem,1345,1308
1443,M0Njuice,1144,1158
1443,pikachu45,1052,1092
1443,rkchamp25,1463,1399
1443,van_halnis,1135,1227
1443,2018XWJXiWenjuan,1480,1412
1443,sanne15,1406,1354
1443,cuboid,0,454
1443,ACDC,852,961
1443,harsh33,1213,1207
1443,v1shant,866,970
1443,mrbunkar200,1542,1462
1443,Shaydiesin,1272,1252
1443,ParsaTHI,1144,1157
1443,Niya_R,1242,1229
1443,thakurabhaysingh445,1064,1100
1443,sunlangtaowang,761,948
1443,HNUST-z3475,1081,1170
1443,ishu0805,1237,1225
1443,starzhinkus,1149,1160
1443,Wolverine99,1028,1076
1443,mohit_24,1252,1236
1443,bronax,1280,1257
1443,unkit,891,985
1443,LakshaySodhi29,1012,1065
1443,Dandalf,1097,1197
1443,Bernini,1230,1219
1443,fatpony,0,453
1443,Pranava23,1170,1175
1443,shivanshbajpai,938,1048
1443,Daljeet,810,935
1443,chota_mota_coder,1043,1086
1443,P_SUBHAM,1159,1167
1443,64_bits,1149,1160
1443,Acuario,981,1043
1443,dasrohan4,1030,1076
1443,Cyberghost2023,988,1048
1443,PiyushSTiwari,1379,1333
1443,i.am.pratik,1174,1178
1443,Abdur_Rahim,1170,1175
1443,yatinagg,1203,1199
1443,parv_7,926,1007
1443,pixel7367,1210,1204
1443,EZAJAHAMED807,1147,1158
1443,BsAbBahutHua,917,1001
1443,Daddycool9999,1467,1401
1443,noob_fatguy,1398,1347
1443,ganekasar,1305,1276
1443,nischay193,1306,1276
1443,jakubd,1201,1197
1443,CtrlW,1061,1097
1443,kamalkantsharmaa9,1230,1219
1443,Sherlock149,1079,1168
1443,Bervig,1076,1107
1443,Asib27,1348,1308
1443,caidd,1130,1145
1443,shikhar2817,1166,1171
1443,.Ghost.,797,972
1443,pvnsai,1385,1337
1443,akshat1234,399,721
1443,mihir_dalal,1406,1353
1443,grifindor,900,989
1443,dhyeybm,1591,1499
1443,saurav_k,1189,1188
1443,Technon,1195,1192
1443,jain.atishay,1681,1572
1443,galib7112,816,937
1443,MasterSoon,1291,1264
1443,linus16,873,1066
1443,PE.sica,1222,1212
1443,CHCHINOCO,1265,1245
1443,_raZu_,1092,1118
1443,videogamez,1373,1327
1443,zeit,1190,1188
1443,jaysuryaray1998,1214,1206
1443,BiharicoderDeep,1260,1279
1443,akshat_coder12,1144,1155
1443,srivenkatgs,882,977
1443,logbase2,1454,1390
1443,jerseyguy,1262,1242
1443,Zhanghanning,492,791
1443,tejassassin,935,1011
1443,KAVAN-DESAI,1045,1085
1443,krishna_240800,1369,1324
1443,abhishek2001,1150,1159
1443,the_mrx18,375,702
1443,Blobo2_Blobo2,1239,1224
1443,detective-pika,678,916
1443,CCSU__MI,1041,1082
1443,FahimSakib,1091,1117
1443,ujjwald7,1210,1203
1443,Chintamani,1316,1283
1443,ashrith7891,1509,1433
1443,Lazy_Propagater,1280,1293
1443,hhvyas,1248,1230
1443,notleplease,1291,1263
1443,Sheetal_B,1187,1185
1443,krishnangopal,1430,1371
1443,ManInBlue,1035,1077
1443,lizwiz0,1124,1140
1443,lzc_123,1270,1285
1443,suriansh,1118,1135
1443,xlr8_op,1072,1103
1443,dachui_DC,482,783
1443,NooB_NO_1,1087,1113
1443,LightYagami674,1536,1454
1443,Love_Jacques,1237,1222
1443,scope_,944,1068
1443,AkshitDh,1215,1206
1443,nandita_hm,1217,1207
1443,karandeep09,1296,1267
1443,vikassao,1413,1357
1443,zeon_1903147,948,1018
1443,pmayankgupta,1264,1243
1443,suryanshudinkar,1085,1112
1443,juvelop17,1061,1094
1443,am612106,1199,1194
1443,swapnil1203,1062,1095
1443,hiron1999,782,959
1443,DyniD,1220,1209
1443,gray_coder101,1150,1158
1443,dreamscape,1344,1303
1443,iSchoolBoy,963,1028
1443,Abhijeet007,1313,1279
1443,baimujia,872,969
1443,silent_coder1412,636,904
1443,Gareee,1123,1138
1443,maximus,1491,1418
1443,NewHorizons,1474,1404
1443,amitpatle199,1177,1177
1443,Moody_in_a_hoodie,1239,1223
1443,imnasim3.1415,1261,1240
1443,Heisenberg_65,1453,1388
1443,alxgunin,1421,1363
1443,PseudoShell,1240,1224
1443,babaiserror,1248,1229
1443,masatomo,0,450
1443,spon2don,0,450
1443,sadgeboi,1378,1329
1443,semicolonised,1212,1203
1443,justermak,1544,1460
1443,g_one15,1085,1111
1443,ktcf,1303,1271
1443,snohara350,1013,1061
1443,VictorJorge,1349,1307
1443,_Hwx_,899,985
1443,harman13,865,1018
1443,yanwu,868,965
1443,Voz_bonita,832,974
1443,vanellope,845,1003
1443,snugghash,1108,1127
1443,invincible_M15,1105,1124
1443,Genuine_8,1015,1062
1443,tejas_18,1320,1284
1443,NM_Mehedy,1220,1208
1443,OUCer,1125,1139
1443,goprone,1389,1337
1443,Durgeshmaurya07,1412,1355
1443,singhish77,1343,1302
1443,thetansquared,1022,1066
1443,tokiri,1138,1184
1443,tfjuror,1245,1265
1443,parvapatel2571,1243,1263
1443,Nafisian_Castle,987,1042
1443,shawon.majid,1174,1174
1443,newbie_1399,0,449
1443,saket3641,1082,1108
1443,Mah_moud,1114,1131
1443,rmhasan,1290,1261
1443,Yashvardhan_Nehra,958,1023
1443,Bunik,715,911
1443,Kaloqn1234,0,449
1443,Hd7,1616,1517
1443,saloni_gupta__,370,695
1443,uvuvw,1043,1151
1443,Beerus_7,1286,1258
1443,kayahidden,0,449
1443,sampatil578,1355,1310
1443,Nas,1268,1244
1443,ncuPeterliang,1284,1256
1443,MohamedTaha,1190,1185
1443,consistent_striver,912,992
1443,ashu87,1080,1106
1443,immortal_luo,1297,1266
1443,clueless100,1637,1534
1443,Ericxiaoxi,1542,1457
1443,bhavneet2000,1133,1143
1443,VClZ,862,1054
1443,marmik.p,1049,1084
1443,Shemo,1255,1234
1443,Rishabhpndt,1394,1340
1443,ShelbyBrothersLTD,789,915
1443,stardust.skg,1481,1408
1443,return_7,1147,1190
1443,Anurodh_ac,1188,1183
1443,AKT07,432,742
1443,bye_bye_world,1132,1142
1443,cjs0032,1170,1169
1443,ved_vyas,1215,1203
1443,deinier,1130,1141
1443,beobumbim,1220,1207
1443,ayush__1411,1173,1172
1443,wangbingbing,1271,1246
1443,ak47forces,1235,1218
1443,P_C_X,1213,1201
1443,andy121,1371,1322
1443,i.won,1283,1255
1443,NightOwl18,418,731
1443,badeaadi,1744,1620
1443,ekansh9927,1224,1209
1443,bruce_wayne2023,988,1041
1443,Paul_191134,1064,1093
1443,Radiant_smile,1519,1438
1443,aloorirajaryan.eee18,782,956
1443,rupesh.thakur,393,712
1443,Sherlocked01_221B,1151,1155
1443,DmitryLzr,974,1097
1443,ec-chenfinal,1116,1191
1443,jnvsumit,934,1005
1443,shankarbanerjee63,1530,1446
1443,ken_kaneki_124,1121,1133
1443,gauravkamboj56gk,946,1013
1443,yateng817,971,1095
1443,Soorya99,1119,1132
1443,Hofin504,849,950
1443,Darshpreet,927,1000
1443,mlicul,1674,1563
1443,hi.thanksone,487,783
1443,catalyzer_z,1188,1182
1443,sushmanth.dampur8780,1308,1273
1443,moosaisco28,1097,1116
1443,tihon9,1186,1180
1443,serenemoose,899,1033
1443,Prometheus32,1312,1276
1443,mananjagani145,1172,1170
1443,nikblaze,1189,1182
1443,mukesh74,1087,1109
1443,pranav_18,735,955
1443,Multi-Thread,1060,1090
1443,Dasnur,1086,1108
1443,.-....,1349,1304
1443,Bii_2036,1007,1087
1443,Mustafa3011,1458,1389
1443,amanpatniajmer,1196,1187
1443,REDVED,1237,1218
1443,turbo-waddle,995,1044
1443,MasterOfBugs,1315,1278
1443,borisVikVik,1095,1114
1443,kocko,1521,1439
1443,neha190301,1129,1139
1443,rogerp4ssos,1350,1304
1443,ruh_orz,1373,1322
1443,AtZihuatanejo,1334,1292
1443,SS...,1059,1088
1443,Fake_tourist,1337,1295
1443,donkikung,1376,1324
1443,_ag_,1076,1100
1443,v1kasja1swal,1263,1238
1443,Vanilla_,1270,1243
1443,pick,1533,1449
1443,Mahbus,1330,1289
1443,srkvrm,1602,1503
1443,Satyadev,1218,1203
1443,Kambar_Z,1200,1190
1443,yergeldi,1087,1107
1443,salakh,358,684
1443,maahi8521,356,682
1443,jack_guo,1298,1264
1443,_Ocean_,1095,1114
1443,JPrime,1345,1300
1443,anshikagarg,1287,1255
1443,raman9971,1033,1070
1443,Azim,1238,1219
1443,Besh,1305,1269
1443,Sekai02,1124,1134
1443,Miizu,1129,1137
1443,nobody09,1154,1192
1443,masa0216masa0216masa0216,990,1040
1443,shashank_rai,1274,1245
1443,zodgin,1175,1171
1443,pcc2k00,990,1074
1443,uknowme_,1198,1188
1443,ScorpionKing,735,879
1443,geramar,430,738
1443,Israt_Jahan_Nahin,1086,1106
1443,sachin4446,1132,1139
1443,chiendo97,1541,1454
1443,aryamanTitan,399,714
1443,AshutoshKumar,1063,1090
1443,Zero_to_Zero,633,819
1443,YosiefAhmed,1108,1121
1443,Sava7ar,1325,1284
1443,RichKid,1147,1150
1443,kashif1207,1359,1310
1443,zqy_AC,1112,1124
1443,kaiyu,1303,1267
1443,Maxis,842,943
1443,LizTrader,1095,1112
1443,ZZXzzx0_0,854,999
1443,grilag,1056,1085
1443,Tasumi5734,1489,1412
1443,Torehalt,1022,1061
1443,codertonk,1528,1443
1443,P1atforM,1861,1716
1443,rahatkhanpathan1999,1257,1232
1443,donets,1052,1139
1443,chromium6012,1356,1307
1443,Shreybob,1184,1176
1443,vazy1,1213,1198
1443,SauraBh0373,1276,1246
1443,Bodz204,0,445
1443,sidd1512,1314,1275
1443,arshak.khoshnevis,1108,1121
1443,PaperPlane_,818,927
1443,sks_2000,1007,1050
1443,Yashb_001,857,952
1443,shivam_pandey,1302,1266
1443,msp1451,1161,1159
1443,emperoryp,1054,1141
1443,kshitijanand36,1407,1347
1443,Losa1,0,445
1443,Wanna_B_Coder,1258,1270
1443,EN_SA,1825,1686
1443,sunnyjain,1449,1380
1443,20132121,1325,1283
1443,Mansi173,1238,1217
1443,dream_player,1284,1251
1443,CrimsonPrince_9,1284,1251
1443,MasterDisaster,1234,1214
1443,randreimoraru,857,1006
1443,Caiogoia,1708,1588
1443,kritarth2121,650,888
1443,impostor_,687,915
1443,TYpeWriting,0,445
1443,rum3r,808,920
1443,amurto,1192,1181
1443,mily,1261,1234
1443,Phoenixx01,1227,1208
1443,Amitharitwal,1238,1216
1443,Owl-A,1336,1291
1443,Rajesh_Kaipa,1176,1170
1443,xlz,1078,1099
1443,Contest_Mess,1134,1138
1443,whatsername,450,752
1443,programming.lovers.crazy,1369,1317
1443,Sarwar_450,1156,1154
1443,KaygMaxNik,1548,1459
1443,0xf0d0,1270,1240
1443,ulanimen0ck,1312,1272
1443,Patriot,1188,1178
1443,Tacitus701,792,995
1443,sankalpkumar,733,950
1443,nikish,941,1004
1443,despair_101,1336,1290
1443,ROMCOM_BOY,1241,1218
1443,partheshsoni,1214,1198
1443,Mahbub_Rafi,1330,1286
1443,Anandj123,1137,1140
1443,harsh_arora,1193,1182
1443,Ygor_Ribeiro,1406,1345
1443,AoiDragon,467,765
1443,Seigneur,1104,1117
1443,return_45,1143,1207
1443,iamnotacoder,1400,1340
1443,devendrakolhe5,1015,1089
1443,happyagarwal,0,444
1443,Alstractor,0,444
1443,sharad_sharma,1362,1311
1443,fearlessgao,1179,1171
1443,_xi_,551,830
1443,pythonPappi,1240,1217
1443,bit_master,1325,1282
1443,streetLegend,388,703
1443,andromeda2,1069,1091
1443,Sabbir.Hasan,1142,1144
1443,codrincrismariu,440,743
1443,JohnDoe_297,1209,1193
1443,_believe_,423,730
1443,n-m-n,936,1000
1443,Ferdous_Islam,1043,1073
1443,atik_pranto,1012,1052
1443,crash,1100,1190
1443,baba_yagga,1198,1185
1443,_cigarette,1051,1114
1443,kushalkushal,1338,1291
1443,Fian,1307,1267
1443,BelieveInYourself,1063,1087
1443,call_me_mc,1148,1147
1443,Moin,1032,1065
1443,coderrohan14,963,1018
1443,Saarthak_10,1346,1297
1443,Tianwell,1426,1360
1443,samyak_uttam,1072,1093
1443,AT369,0,443
1443,coder-X,0,443
1443,whyArc1998,1078,1172
1443,sankcan55,1421,1356
1443,sanskar_ag,1172,1165
1443,Murtaza1112,1257,1229
1443,akshay_1604,913,984
1443,fluffy123,951,1009
1443,tyson_0,1221,1202
1443,Labib_tc,1114,1122
1443,practice_sm,965,1019
1443,manav00,1121,1127
1443,shubham763116,1640,1532
1443,Yanming,0,443
1443,iamvs,1106,1153
1443,return--1,447,748
1443,gonumb,639,877
1443,Tima18,1098,1111
1443,Curly_Brace,392,705
1443,et__fpme__,1201,1186
1443,kanakgautam,1564,1470
1443,MystEq,1124,1129
1443,avatsavirsa,1307,1267
1443,StopFuture,835,987
1443,aanand9175,1223,1241
1443,Oscillator,385,699
1443,abhishek2205,1009,1047
1443,zap4eg,1314,1271
1443,-3en_7oras-,1305,1265
1443,propashii,1172,1164
1443,dictat_or,982,1029
1443,devpancham,1490,1410
1443,WAtoAC2001,1254,1226
1443,New_Beginning,879,961
1443,neweekoff,1615,1511
1443,HydrO7gen,1072,1091
1443,7_7_1_5_1_3_4_5,1163,1157
1443,snape_here,1297,1258
1443,greenbinjack,1494,1413
1443,alikoptan,1225,1204
1443,LastBeam,1236,1212
1443,daryll-ko,1365,1311
1443,Maverick.....,1293,1255
1443,AmarShukla,1332,1285
1443,Luciifer,1351,1300
1443,asisdeo,1133,1134
1443,DarkCatO13,0,442
1443,Code_SK,1183,1209
1443,ch_sanchit,1169,1160
1443,InfOpportunities,298,632
1443,wanawaowaowao,1233,1209
1443,FReAk,995,1093
1443,GrayStack,1241,1215
1443,mukund007,614,800
1443,Camazotz,1378,1320
1443,saiprasad_07,1214,1195
1443,krishna369,1294,1255
1443,Rafid98,1034,1063
1443,_Theyvansh_,904,975
1443,alexashu,1346,1295
1443,AB.devil,1339,1290
1443,__Coder__01__,1050,1074
1443,__Kordy__,1311,1268
1443,tox1c_kid,1159,1153
1443,kartiktomar,1143,1141
1443,agarwal2604,1080,1096
1443,kshubham175,735,948
1443,sbou3i,0,442
1443,enigma_123,1148,1145
1443,saurabhyadavz,1541,1450
1443,prat,1535,1445
1443,aayu1401,1360,1306
1443,shimolnaha108,1220,1199
1443,henshin,1066,1086
1443,akgthegreat,1249,1221
1443,Abhishek_Chaturvedi,1231,1207
1443,Colossus345,1165,1158
1443,kartik2001,1006,1044
1443,11ashish11,1046,1072
1443,olddead,1169,1160
1443,_harnaman_,998,1038
1443,hojaega,716,934
1443,RafiMR9,887,962
1443,toxicbitch_08,996,1091
1443,Tahsin_Turab,1149,1144
1443,TAM,988,1029
1443,jughead__73,1022,1053
1443,mayankroy,1213,1192
1443,snavneet561,1204,1185
1443,tara_tod,842,933
1443,nobrute,834,1024
1443,Dark_Mind,1217,1195
1443,tanasaradu2,1147,1142
1443,Be11T_,1269,1235
1443,sumanthegde,1339,1288
1443,Romit_Mohanty,1183,1169
1443,Muhammad_mhs,1576,1477
1443,Tanmoy_,1216,1194
1443,bot_ashutosh_24,1068,1085
1443,rash42,1529,1439
1443,yeBandeKhoda,1039,1065
1443,lord002,1118,1121
1443,LaiYiC,1272,1237
1443,Ghevil,789,950
1443,beZERO,1116,1120
1443,rafihassan212,356,674
1443,Lucifer_The_Immortal,1209,1189
1443,GhostRider0007,1211,1191
1443,Tanzim_bn,1294,1253
1443,__XOMOX__,1151,1145
1443,Ismoilov,869,951
1443,yuszuth,1483,1402
1443,Thats__what_she_said,1160,1151
1443,aniketsinha_,1022,1053
1443,ddexter_12,1128,1128
1443,_ifahim1000_,1125,1126
1443,aimbot,1253,1222
1443,shulzhenko2426,367,682
1443,practice,1221,1198
1443,Dr_Drnknstn,1266,1232
1443,real_adarsh,1264,1230
1443,kausik14,960,1010
1443,corol,779,894
1443,CoderNibba,0,440
1443,sr._.04,1112,1117
1443,Kinmod,1327,1279
1443,dcbmfsgwh,1209,1189
1443,ankitmaurya_19,1187,1172
1443,srsahu45,1303,1260
1443,dmdivyansh_113,1344,1293
1443,G_LX,1306,1262
1443,Joh_ny,482,772
1443,AndreiBB,0,440
1443,ashwAni234,930,990
1443,Pranavi01,1126,1127
1443,Mohamed_Ehab,1320,1274
1443,ObitoHamoudi,1312,1267
1443,_Alshe_,1142,1139
1443,tanushri19,994,1033
1443,trainerherp,1132,1129
1443,sps101,1317,1269
1443,mrbb_twinhter,661,888
1443,khushb00,1057,1075
1443,ST_OJ,543,755
1443,Sushant2308,1193,1174
1443,__FaRiA_eFa__,1456,1379
1443,ritikasharma,1075,1087
1443,underrated,1135,1131
1443,Hz_,1206,1184
1443,wHoArEYoU-,1013,1044
1443,DuncanKnight,1237,1208
1443,I_Can_AC,1385,1322
1443,shubhamagr04,1035,1059
1443,GabrielPF,1478,1397
1443,6.10,1031,1056
1443,Zys_a,691,911
1443,sandipndev,889,1021
1443,Asliddin,1074,1087
1443,LiuJW,1090,1098
1443,parthsarthi,1287,1246
1443,ANONYMOUS_M,1046,1066
1443,Arian.Eft,1461,1383
1443,CjaR,1208,1186
1443,shashank05,860,942
1443,deck123,892,1014
1443,BusyBud,721,856
1443,3alaa,1226,1199
1443,namesake_1,1182,1166
1443,NoobdaNumber1,594,837
1443,160360,1230,1202
1443,shefali163,1097,1103
1443,Paul0.1,954,1058
1443,papon_50,1194,1175
1443,ERROR__1,751,920
1443,aditya_0699,1134,1167
1443,sk_ru,1181,1165
1443,pop3,1399,1333
1443,Maamoon,1153,1144
1443,yzang,1159,1149
1443,juel_,1083,1093
1443,v_v__devill,1375,1315
1443,KapilHere,1240,1210
1443,Yash_2711,1313,1266
1443,whitedragon7,1178,1163
1443,de1usional,926,985
1443,bababoy,0,438
1443,amitsarker,926,985
1443,M.Alijon,1223,1197
1443,ashissingh640,737,866
1443,Justin_Foley,983,1023
1443,Antukhan,1061,1077
1443,csgo_addict,1303,1258
1443,wwwww,946,1052
1443,__mushfique__,1160,1150
1443,Luna_Meme,1066,1117
1443,N_K_E_2,479,768
1443,kritiverma,789,897
1443,naname,1449,1413
1443,karangreat,1062,1078
1443,KaryGauss03,1273,1235
1443,ShadowPenguin,969,1013
1443,M-Alijon,785,895
1443,en_ar,1077,1089
1443,saikrish02,1037,1060
1443,CONFUSED01,977,1019
1443,raamxD,1321,1272
1443,Gades,1631,1520
1443,bad_deyS,1273,1235
1443,The_Warrior,887,959
1443,zy233123,1093,1101
1443,hader239,884,1017
1443,Fluke,1172,1158
1443,ck1080012,1038,1061
1443,altacc_28,1130,1127
1443,boocoo,1501,1414
1443,preetamrane2114,990,1025
1443,sbhavya18,1088,1130
1443,NoticeMeSenpai,1022,1047
1443,habib_063,1075,1085
1443,Anuranjan_Pandey,1197,1175
1443,Deads_Redemption,968,1010
1443,__div3_expert__,968,1010
1443,samarth_23b,1154,1142
1443,2022MyYear,967,1009
1443,CodeDHMT,424,722
1443,nooooooooob,1327,1275
1443,smallgost,399,703
1443,ankyyyyyyy,977,1016
1443,fugacious,851,932
1443,WHY-WA,1309,1260
1443,I_love_Shreya_Dubiiiiii_,1033,1055
1443,Shattajit-,1250,1215
1443,greenblade29,850,932
1443,Thesircastor,759,875
1443,AhmadSameer,1112,1111
1443,stand_alone21,1120,1117
1443,Ymw2020,1029,1087
1443,codeboy17,856,936
1443,egoless,715,927
1443,Vanix,795,949
1443,Jannatul_Ferdosh,1176,1159
1443,RinkiyaKeDad,1193,1172
1443,lis05,1008,1095
1443,hoshyarchand,1252,1217
1443,_M-H-O_,970,1011
1443,samyaksrivastava9,1074,1084
1443,YashDwivedi,1135,1128
1443,enola_holmes,644,873
1443,OACM,682,829
1443,karan.sachin.10,1015,1042
1443,akhilsaini678,1100,1103
1443,patelnagendra,1332,1279
1443,Albin,1005,1035
1443,tiri,1169,1153
1443,resfeber14,853,934
1443,danil_010500,1040,1060
1443,garima_19,1163,1149
1443,ishanmakkar,1149,1139
1443,WHITE_RAINBOW,1415,1344
1443,MayurK,1201,1178
1443,s_agnik1511,1208,1183
1443,shreyansh2809,1278,1237
1443,Syed_Shajib,1234,1203
1443,JdiLfc,1020,1046
1443,ANJ_Deadsec,858,937
1443,Contigo,1113,1112
1443,Paras_jain,1154,1142
1443,Mhamuda,884,954
1443,Ghassane,1380,1316
1443,aniketSood,892,992
1443,_irLIri_,1037,1057
1443,Uchiha6125,1046,1064
1443,Essam,1021,1047
1443,Null_Sector,803,902
1443,CatBoX,853,934
1443,Farhan_meb,1341,1286
1443,unique_hzf,1140,1132
1443,vishu2908,1180,1162
1443,_rohith_,1069,1080
1443,Dugguu,1071,1143
1443,krzysztofjadlowski,1062,1075
1443,Terence_Tao,917,975
1443,bone_idle,902,965
1443,ksh_kumar,1066,1078
1443,khealer,904,967
1443,misson_specialist,1333,1279
1443,Shahin17,1093,1098
1443,DuyCter,519,798
1443,XZCODES,1004,1070
1443,im_karan23,1289,1245
1443,naim6246,1124,1120
1443,vasuairen22,444,738
1443,sv2002,1289,1245
1443,zarutskym,1078,1148
1443,BonuSree_Datta,697,835
1443,mipmap42,1102,1101
1443,Lone_woolf,749,951
1443,event_loop,697,835
1443,rehan_19999,1149,1136
1443,to_err_is_human,972,1009
1443,sas097,1183,1162
1443,FedorKudashev,1059,1106
1443,mohadril,834,918
1443,Isha20,1159,1143
1443,depressed_ontop,1113,1109
1443,showmickkar,1200,1175
1443,12Arpit,1171,1152
1443,u1804011,1255,1217
1443,anaugi,1250,1213
1443,is-this-ufds,1125,1118
1443,_ale_,1204,1178
1443,target_1400,0,434
1443,Nur_4_Earth,1132,1124
1443,snow_flakes12999,706,840
1443,__277LB3__,1180,1160
1443,SGTCoder,1304,1255
1443,king_07,1101,1101
1443,Round_Tree,0,434
1443,Bivaasha,1013,1038
1443,01vatri,971,1009
1443,papon_17,1253,1215
1443,prince_bhadiyadra,1086,1090
1443,arpit_c10992,845,925
1443,_dexterDynamo_,929,980
1443,itshimanshu22,1045,1060
1443,Ahsanul_Anam_4632,724,850
1443,Creeping_Death,942,989
1443,conan07,999,1028
1443,imran0001,1142,1131
1443,singhdhanwant,1248,1212
1443,ritikkanswal,1080,1086
1443,SINTRA,1097,1098
1443,jethalal0205,842,981
1443,firegod_galactus,1169,1151
1443,itumi,1131,1123
1443,Cold_blooded_man,1386,1319
1443,areja1999,1229,1197
1443,Rohitpratap311,1425,1350
1443,BlaringBlaze,849,928
1443,RishavMz,0,434
1443,boyhasnoname21,1017,1076
1443,Temurkan,1157,1142
1443,bhumihar36,1176,1157
1443,chehak.01,1183,1162
1443,anmol_naresh,991,1022
1443,itz_kiranz,989,1056
1443,gnored,0,434
1443,Ayanokouji,680,824
1443,SmoothCoDe,1188,1166
1443,_shahariar_,680,897
1443,mittalakshit874,897,959
1443,griffindor123,358,669
1443,Adik777,665,886
1443,Norman-R,1130,1122
1443,p.abhishek,1237,1203
1443,VelkyPeto,680,897
1443,Rakin12,811,904
1443,WAphobia,1104,1103
1443,SatwikDash,720,928
1443,jay_kay,431,726
1443,Alen777,1181,1161
1443,Nityanand12,1136,1126
1443,Rakeshkurmi,1047,1062
1443,AlgoMat,953,996
1443,deadly_hollows,991,1094
1443,Darshann,1091,1093
1443,priyalvadgama4102,943,1045
1443,franky1001,1074,1081
1443,kratigarg13,1312,1261
1443,juxstWz,1155,1140
1443,akshay399,1180,1160
1443,sachin00,1098,1098
1443,kalki411,1602,1493
1443,dheerajkotwani,1442,1364
1443,Bul_square,1046,1061
1443,maya123,991,1022
1443,aeternum_001,770,878
1443,Pingnian,1115,1148
1443,pallav12,1220,1190
1443,mynamemosta,1080,1083
1443,SergHambardzumyan,776,910
1443,vakhew1900,650,872
1443,Asad5059,894,954
1443,noname181,945,988
1443,2019pgcaca44,1082,1084
1443,traveller.0,939,984
1443,_khacngao_,1313,1299
1443,Zexeret,1352,1290
1443,Roman_Emper0r,1173,1152
1443,shakya_vikas,988,1017
1443,janiim,1178,1156
1443,playhuntt,1088,1088
1443,MegaRs,1155,1138
1443,Lu_Mahed,1038,1052
1443,dark_angel007,1194,1168
1443,Tia25,849,925
1443,vishesh004,948,1046
1443,DamirXan,1143,1129
1443,dumbbell_code,1239,1202
1443,noob_coder1,618,848
1443,AD18,1147,1132
1443,Keshav_7,1252,1212
1443,ujjwal7201,1242,1204
1443,vivekbelwal144,1047,1058
1443,15Ishaan,1251,1212
1443,weakestOsuPlayer_244,1331,1274
1443,anil19,1155,1138
1443,sagarjangra530,830,1012
1443,WeakSlowpoke,1088,1088
1443,RootOver,1082,1121
1443,kothawade29,1024,1042
1443,ashiq__,964,1001
1443,octupus,783,883
1443,Arpi2007,774,928
1443,BleedItOut,936,982
1443,lynchreaper1,441,731
1443,hardik24k9,1073,1077
1443,arihantjain01,786,884
1443,CGPA_2.75,1207,1178
1443,lazymaverick,1233,1197
1443,Tarun_pathak,1103,1099
1443,Azaan,1127,1117
1443,NguyenVietSang,848,983
1443,tav,1264,1221
1443,Iftekhar_Fahim_,946,988
1443,acehacks,1185,1161
1443,hrt_28,1390,1320
1443,baagha__,980,1012
1443,aditya,1306,1254
1443,ItsYash009,1095,1157
1443,faf7,1102,1099
1443,flex11,967,1003
1443,BY_KUTBILIM,1232,1197
1443,new_newtrul,1186,1227
1443,Cybaen,759,917
1443,Ar_pi_99,952,992
1443,sharmadhruv17011999,1461,1377
1443,OnekeCat,1116,1109
1443,gustason,1316,1262
1443,Pankaj_Kumar1,1208,1178
1443,_ishita_29,1052,1062
1443,Sajjat004,1245,1207
1443,aldgebu,1204,1175
1443,kunnathradhesh,1050,1061
1443,Anish_Bashyal,1164,1145
1443,DEEON,1023,1042
1443,AnonymousA5,1015,1036
1443,shivamkumar177,1198,1171
1443,Boonichi,899,1010
1443,MoGaHed,787,885
1443,JoJoCoder,537,808
1443,codewithanuj01,1129,1118
1443,yuvraj-dip,910,964
1443,akash90,998,1024
1443,sataapon,395,695
1443,rk_code,1062,1131
1443,hue990,1013,1071
1443,coderbyheart,0,431
1443,DexterVGA,1056,1063
1443,Shanky0007,1078,1079
1443,Jairman,501,778
1443,ritik07._,861,929
1443,_crow_,1424,1346
1443,-nothing-,1119,1109
1443,Dilaylay,735,850
1443,arunima_12,1038,1050
1443,GOyAT,1133,1119
1443,vladut_piele,1080,1080
1443,Aman15,944,984
1443,manu.chittora,927,1028
1443,inzemam90,889,1011
1443,bhupendrasingh12398,1139,1124
1443,abhirup_99,1090,1087
1443,Might__Guy,1103,1097
1443,adarsh_2141,1187,1160
1443,grau1k7_,918,967
1443,saymedgm,594,827
1443,anshul.py,1070,1073
1443,tapafon,830,909
1443,a_turtle,776,875
1443,niley,1171,1148
1443,miriam.ginzberg,1033,1046
1443,Parimal,1103,1097
1443,Who_am_i_2199,1119,1109
1443,Naud304,1222,1187
1443,sasuke_uzumaki,1111,1103
1443,Aurthur,727,845
1443,bha_vk,980,1009
1443,himanshu.watson,853,924
1443,Tutul_dhar,1243,1203
1443,_Laden_Da,988,1014
1443,rsudhanshu138,1258,1215
1443,BushMonster,1230,1193
1443,folsatraptai,780,930
1443,strawberryshaker2005,989,1015
1443,nikhil_2001,955,991
1443,Hetarth,1360,1295
1443,laidellent,950,1044
1443,codeAJ,1156,1175
1443,ironrobot10,1145,1128
1443,kanjariamihir24,1174,1150
1443,gandiv_5,373,677
1443,taigon,1222,1187
1443,anvesha,1050,1058
1443,m0nusingh,1035,1048
1443,__andromeDa,812,898
1443,itsfadyat,1473,1385
1443,agrawal2405200,920,968
1443,ninja_satyam,1066,1070
1443,_mahjabin_,762,866
1443,sec0NDlaNdin,1161,1141
1443,Saurabh2-7,965,999
1443,akshay028,1152,1134
1443,toefL,1088,1123
1443,_spryzon_,1041,1052
1443,sabbirh654,1157,1138
1443,Zyphr_Flaw,1226,1190
1443,codersachit,524,796
1443,Aditya_Sharma,1217,1183
1443,omega_16,883,943
1443,shivank009,909,961
1443,abhishekgautam011,1059,1065
1443,ZHANG.H.,964,998
1443,NDS_98,1156,1137
1443,adityawagh114,1097,1092
1443,dcmquandl,0,431
1443,Nare,1155,1136
1443,the.night.fury,1362,1296
1443,Mane_2007,363,669
1443,ericoder,1078,1076
1443,fru30,1018,1033
1443,ak475689,965,995
1443,debroid007,691,819
1443,YavuzCagan,0,429
1443,killercorona,793,882
1443,nmn,906,1022
1443,_Sh3rL0cK,1110,1100
1443,Charigardash,988,1070
1443,pathak,782,875
1443,YGBoss007,1087,1082
1443,QuiBliss_,1034,1044
1443,badl178,1324,1264
1443,sakura238,1048,1054
1443,elizabeth.nina,1238,1197
1443,toooooooweak,1013,1029
1443,emti_19,742,850
1443,Emran,1154,1133
1443,vvedant99,1253,1208
1443,anurag_2025,1341,1277
1443,tharun_99,841,912
1443,Swarna1214,1013,1029
1443,durjoy_dey,1195,1164
1443,_Anurag,1157,1135
1443,mosta1004,1267,1220
1443,ayanavd,1545,1442
1443,JACK_SPARROW_999,1097,1090
1443,Safwan_Marzouq,1105,1096
1443,srinjoy_ray,735,895
1443,low_profile,358,663
1443,KritiKalash,908,957
1443,rahul_16,1156,1134
1443,k1ng228,437,725
1443,Spider47,1326,1266
1443,practised,951,986
1443,Z3R0_IQ,919,964
1443,code_keeper,1284,1233
1443,YouKnowWhoIsBack,939,978
1443,lucky1305,695,822
1443,CodeTyper,670,807
1443,iamhkr,436,677
1443,Eckchart,1293,1240
1443,kaustubh_op,653,870
1443,liyiqi117,865,980
1443,coder_99,1432,1350
1443,roshanoraon,888,997
1443,pawki,1076,1074
1443,Goshya,887,943
1443,prav4444,1021,1035
1443,ritik.gupta,966,996
1443,Vratadharaya,1169,1144
1443,Soumik205,960,992
1443,SquirtleSquad,1243,1240
1443,parth_asd,1106,1096
1443,fnvir,959,991
1443,the_truth_is,400,695
1443,SakiBee,1145,1126
1443,650iq,1099,1091
1443,Mr_nOoB,1082,1079
1443,naresh1407,1075,1074
1443,Stell1x,1284,1233
1443,Anchord,897,1004
1443,David_Yap,1140,1122
1443,TyagiTitans,955,988
1443,kachra_seth,1071,1071
1443,LiveAlong,1129,1113
1443,ADO,1085,1081
1443,sumurth1751,925,968
1443,KhoaTN,606,834
1443,starkspi,888,943
1443,todi_2000,1326,1266
1443,johnathan_wick,1001,1020
1443,Noob_Coder_Anti,1074,1073
1443,nishantdhamija41,621,779
1443,aks013,358,663
1443,frameboy_27,951,986
1443,anjali.06,955,988
1443,Ya_Ali,986,1010
1443,Lakposht,1051,1056
1443,thebeatle04,968,997
1443,coding_aatma,1188,1158
1443,Henrike100,1368,1299
1443,Shagun10,931,1006
1443,mYstery9,1044,1049
1443,kolli,1212,1175
1443,dar815,1067,1065
1443,worst_coder_ever,886,939
1443,atul_23,1271,1220
1443,karan190,1111,1098
1443,saikatsarkar10,905,952
1443,sudhanshu457,0,427
1443,satyajit00,1014,1027
1443,NSU_NianXi,1182,1152
1443,chaudhariyash10,393,688
1443,Kipta_beda,792,878
1443,AhamNom,696,901
1443,manan.gchopra,1119,1104
1443,swoyam12,913,1012
1443,animeshparsad15,358,660
1443,Tahmin_Tasfia,1068,1066
1443,Saketvaj_123,1233,1191
1443,ObliviousV,1073,1070
1443,hm_2019,856,919
1443,urmibiswascuet,1130,1112
1443,AnTanVeeR,1175,1146
1443,arijeet_16,1201,1166
1443,blue_sky_,998,1015
1443,thunp,1081,1076
1443,_Tanju_,1025,1035
1443,shirktan110,791,878
1443,I_am_prince_VEGETA,954,985
1443,brijeshujcbm,978,1002
1443,White_Devil_01,836,906
1443,citramon,1039,1045
1443,_H2SO4_,1062,1142
1443,JordanW_23,1216,1178
1443,uvuv,1471,1380
1443,soham139,927,1023
1443,_Kamrul_Islam_,954,985
1443,gogapp,1546,1441
1443,tharun_1241,1149,1127
1443,kbansal,1164,1138
1443,archanak_,1021,1032
1443,nazmuShakib,1203,1168
1443,kala_para_na,1187,1155
1443,DickyB,759,858
1443,damormadhu24,841,909
1443,YHJia,358,660
1443,DX14,1260,1212
1443,rohit__Singh,1218,1179
1443,Just_Do_It,1321,1259
1443,harshb1304,1057,1058
1443,satyam_vivek,1015,1028
1443,riya6361jain,1088,1081
1443,dev533,367,667
1443,Avninder99,903,951
1443,Agni_123,1190,1157
1443,sayandiph4,727,838
1443,anurag_pandey_,1042,1047
1443,shalnay_damka,903,1005
1443,Yeshwanth_NITC,1048,1051
1443,Skadoosh,1011,1061
1443,noob_duh,721,834
1443,AJ_rocks,1270,1220
1443,janardan_sharma,878,934
1443,JatinYadav,1069,1067
1443,Homo_sapiens_MAX,799,883
1443,cs_gamber,1332,1269
1443,KartikModi,1131,1113
1443,Pratham-Jha,358,660
1443,sagittarius_k2,1171,1144
1443,veeral,1196,1162
1443,Pulkit2000,1374,1302
1443,kyrious,1059,1059
1443,Misbaul_Hasan,946,977
1443,COMPETITER,933,968
1443,1186376063,1158,1132
1443,nitish420,718,916
1443,aktalukdar,1011,1022
1443,Farsh_LE,1025,1032
1443,bharat_mishra,943,975
1443,wrong_answer02,921,960
1443,Porahoto,1109,1094
1443,AJrockstar,1265,1214
1443,ShinnirKolaChori,1553,1445
1443,Mr.TLE,1155,1129
1443,guoshuhong,358,658
1443,tarun__m,0,425
1443,Amit__k,1105,1091
1443,Hello_kiki,0,425
1443,Naeem118,914,955
1443,u1904123,1260,1210
1443,itachi7uchiha,1095,1083
1443,a15hx,1304,1244
1443,Palak_8840,959,986
1443,Wasi_Ur,1131,1111
1443,dmorolia,940,973
1443,nitsharma44,359,659
1443,rav_ish,974,996
1443,tryingto,1005,1018
1443,porjotoK,1106,1092
1443,wubalubadubdub_27,972,995
1443,mainfunction,884,934
1443,anshugupta81726,803,939
1443,kunalr2569,0,425
1443,Yashj6294,1130,1110
1443,eclipse17,866,923
1443,code-acm,1107,1092
1443,Bishal256,438,671
1443,skaty0812,1194,1158
1443,12eklavya,794,876
1443,Nirvan147,374,671
1443,coderdsrg,1145,1121
1443,Layton-sy,1285,1230
1443,brahmos6,871,980
1443,rj_rounak,857,917
1443,BlueSpiderLily,1126,1107
1443,amn,959,986
1443,laixihui,0,425
1443,hyper_adi,1377,1303
1443,cosmicmanhnopro,1262,1211
1443,deepak,998,1013
1443,sathwik14,1062,1059
1443,nostar,994,1010
1443,Harold_,916,991
1443,eshaanrathi2,1148,1124
1443,Samarthi,1045,1047
1443,porcelli,1130,1110
1443,void_main,1022,1031
1443,dinhwe2612,1352,1283
1443,mah_mood,1067,1063
1443,alcatraz2001,956,984
1443,th3professor,0,425
1443,pdk.abhishek,1000,1015
1443,NineT8,775,864
1443,vINOGRADIK,983,1078
1443,irene221,966,991
1443,Sergey140146659,1367,1295
1443,VipinKr.2016,988,1006
1443,czgaomiaoyue,1180,1148
1443,mdhasib,755,852
1443,Akshaym_24,928,964
1443,JR_Jahed,1448,1360
1443,5-gon,795,877
1443,Akram.,686,810
1443,rishabhtyagi,1376,1302
1443,RunTimeHacker,1116,1099
1443,gtailor,1115,1135
1443,ron_is_back,689,809
1443,kamleshsah123,663,794
1443,aditya149,678,883
1443,zuimao,1125,1105
1443,Mizbah01,696,813
1443,NUGman_,1129,1108
1443,pocket_acer,1048,1047
1443,wayyeah,1336,1268
1443,Mr_EZO,1122,1103
1443,voldemorts_nose,1043,1043
1443,CPTIOD,362,660
1443,charocho99,812,885
1443,Abhishek-Tiwari,859,916
1443,fluidmarrow,1106,1090
1443,A_RAHIM,866,920
1443,SharmaRaghav,1153,1126
1443,ytsong,1051,1112
1443,rahulmohata29,611,832
1443,GOd_Mod,988,1004
1443,__Brahmastra__,1230,1185
1443,Uncle_Monkey,1162,1133
1443,Abu138254,789,871
1443,mohitfps10,1326,1260
1443,pranjal18859,1067,1061
1443,ExpectoPatronum,885,988
1443,ashish1779,1313,1250
1443,Shoaib_Khan,906,947
1443,BunnyKumar,1079,1070
1443,shera002,744,843
1443,Fellow_junior,1182,1148
1443,tanmoy_62,915,1009
1443,Himanshugt16,1076,1067
1443,Pro_iq,766,856
1443,servesh196,1371,1296
1443,_enyo_,1146,1120
1443,Xiao_Ma_Bao_Li,1011,1082
1443,HasinApurbo,958,983
1443,Saptarshi98,804,880
1443,mahbubhasanmht,777,863
1443,yyspencer,1053,1051
1443,alpha_1001,1312,1249
1443,63_adiv,792,872
1443,agupta10493,1227,1183
1443,saichodipilli,754,901
1443,Honeynutz,1319,1255
1443,priyanka.borwanker,803,879
1443,unknown_,891,937
1443,_Fahim,670,798
1443,semihpirpir,994,1008
1443,GkG,588,814
1443,sat_yam,986,1002
1443,aman_aa,767,857
1443,rachit_sonthalia,840,966
1443,markus_666,671,798
1443,__Aditya__,974,994
1443,Kiranghumare22,1037,1037
1443,zosaoneka,1086,1073
1443,skrstv123,679,882
1443,Pulock50,1107,1088
1443,horizon_18,958,1039
1443,Byte_S,1057,1051
1443,skybluee,947,972
1443,Fln,868,953
1443,sawradip,895,993
1443,_abstract_,1019,1024
1443,namoloasa,799,924
1443,qentan9lement,921,1026
1443,Sri_1974,1005,1014
1443,alex873,1254,1202
1443,dimlit,1402,1320
1443,sid_cr07,878,926
1443,aryan_goyal,1265,1211
1443,rupeshrk3,1197,1157
1443,faawe,1389,1309
1443,graviton_007,914,950
1443,MD0,1059,1053
1443,Taldykorgan-sayat-08,1142,1115
1443,AhmedFahmy,1188,1150
1443,artar1337,1144,1117
1443,anstep,1020,1061
1443,adminreyiz,1090,1075
1443,mdnoman,1052,1048
1443,TeachMeCoding,818,947
1443,arindom55,949,974
1443,Didar_CSTE,818,886
1443,coder3feb,1089,1075
1443,sani_1023,1073,1063
1443,nothingtodoacs,0,422
1443,vinay.lkr.bh,877,925
1443,jbeast,1170,1137
1443,Navneet_Kumar01,1227,1180
1443,gryffindor26,415,700
1443,omi_farhan75,777,860
1443,krishna_07,1201,1161
1443,ssm_harsh,1160,1129
1443,JustNoOne,738,887
1443,stevancv,859,978
1443,Numan2962,1025,1028
1443,aalsi07,1175,1140
1443,amanj5486,1221,1176
1443,jack209820,431,713
1443,Spoidermon,1211,1168
1443,newbie-_-habib,115,496
1443,JhonRayo,1254,1202
1443,Struggler8,919,953
1443,kartikdhanik,1041,1040
1443,shubham320,966,986
1443,NGordienko,1098,1082
1443,sravangorati2001,794,871
1443,Finster_15,373,667
1443,ronin_raj,881,982
1443,EzsKey,687,805
1443,sarthakswarnkar,1066,1058
1443,NITRO,1056,1051
1443,zstu18luoxianyu,1106,1088
1443,eleganc,976,993
1443,nikhil97agra,1127,1104
1443,Niladree_Datta,998,1009
1443,Shejuti_Binte_Feroz,670,795
1443,sozol,745,837
1443,shwetasinha___,1159,1126
1443,Stargazer24,771,854
1443,advitech,978,992
1443,dddddj,1063,1054
1443,Forkan,868,917
1443,Ish_Human,1339,1267
1443,anik2000s,0,421
1443,bigboom,860,911
1443,shakilsustswe,936,963
1443,ShivShankar,1137,1148
1443,sakshi_006,956,977
1443,Troja007,806,927
1443,Thomas02032001,648,856
1443,PolyAtomicIon,1430,1341
1443,Peace56788,898,993
1443,iam_abhi,835,895
1443,MinhKhanhh,915,1020
1443,saku474011,1125,1101
1443,bitch77,786,921
1443,Anto0P,0,421
1443,freakdeep,911,946
1443,_._Goku_._,900,938
1443,BoopsA,765,949
1443,Bhuwanesh,1177,1179
1443,ntlp17,1251,1198
1443,eGoMask,1029,1029
1443,guptak650,991,1001
1443,paisie,953,1010
1443,BinduVerma,801,872
1443,maheshitnitrr,976,991
1443,siddharthaarun09,870,973
1443,braher,1104,1085
1443,meesgood,873,920
1443,Time_passer,986,998
1443,indra_adhikary,1270,1213
1443,ritinema23,1143,1114
1443,cheemsdog,884,927
1443,A_dthamke,1053,1046
1443,QueenRabbit,847,903
1443,ms_27,687,802
1443,Suprodip,1036,1034
1443,tahsinanzum9165,626,766
1443,sid_121212,927,957
1443,_.RoN._,879,924
1443,EQFL_Hasagii,1357,1282
1443,Bashlogan,979,993
1443,absolutt,942,1041
1443,FairoozR,947,970
1443,D_Sketon,0,421
1443,siddharthMishra,1423,1335
1443,mr_professor,1041,1038
1443,AwanKinton,1038,1035
1443,abhinav1122,1082,1068
1443,Titi12,943,968
1443,Zehao,0,421
1443,mahfuz31,820,885
1443,throwaway6999,0,421
1443,avinash_89,1248,1196
1443,noobita00,959,979
1443,hamim360,854,907
1443,yash352,1195,1154
1443,vedatrayee.1999,685,798
1443,n0n4me,862,910
1443,Suraj0500,0,420
1443,kkagrawal,799,869
1443,raunak_priyam,672,791
1443,tanmay394,666,869
1443,pragyaanandmuz,1082,1104
1443,Iamsuruchi8463,920,949
1443,vasiljevic3,1337,1264
1443,theviper,1137,1108
1443,caLLerOP,1016,1017
1443,neku.sakuraba,734,880
1443,aqua_vein,1204,1159
1443,mehrabniloy,871,916
1443,vignesh_Vel,1137,1108
1443,Saidur_Raahmaan,1157,1123
1443,kabitaRani,467,674
1443,CodeDestroyer007,613,828
1443,KingVlad,945,966
1443,shadman,1103,1082
1443,Khanhzuu,983,1055
1443,ajayking9627,1104,1083
1443,piyush_456,1015,1017
1443,ded_evkakiy,981,1053
1443,o_connor,1089,1071
1443,Never_Tooo_Late,371,662
1443,0xF5,1230,1180
1443,samyakjain510,937,961
1443,YassinKoubaa,0,420
1443,Bakku,897,934
1443,ajay_5097,1091,1073
1443,praveen3277,1263,1206
1443,Veraph,927,1027
1443,draaag,1324,1254
1443,Andrisovich,1408,1322
1443,Rushu,1007,1011
1443,shailly.shailja,666,869
1443,ultronjarvis,1053,1044
1443,nishantsharma021,901,993
1443,rami0015,0,420
1443,EightBarren,870,983
1443,3434194755HaiTQ,1014,1016
1443,WhySooHigh,944,1041
1443,Jshiwam,989,998
1443,Igu,612,827
1443,profesir,1172,1174
1443,Moustafa,1310,1243
1443,karan_manit,457,731
1443,Meri_Maa,826,886
1443,bangdexuanyuan,909,999
1443,maruf_11111,928,955
1443,Eliminator245,1218,1170
1443,Manish_113,966,981
1443,tghsd,0,420
1443,MBarry,1168,1132
1443,kodokhijau,987,996
1443,MorningSky,1236,1184
1443,fundaaz,1306,1240
1443,ranjan_panda,1124,1098
1443,Ak_core4,995,1002
1443,tux,1404,1318
1443,manthan4659,863,909
1443,Rodaina,964,979
1443,mikesetiawan30,1170,1132
1443,maahfuz,1012,1013
1443,VM2001,848,899
1443,muskan0702,1066,1053
1443,Rejoan,1088,1069
1443,s1mple_17,997,1064
1443,pengyuheng,773,952
1443,das4190,969,982
1443,bikram947,1271,1211
1443,Narcos,936,959
1443,Simboy,1278,1217
1443,Sahin156,939,961
1443,od_88,1249,1194
1443,Himel1516,826,884
1443,trying28,1251,1195
1443,Believer_Ayush,1202,1157
1443,shyantan,856,905
1443,adroy81298,931,955
1443,Rahul-Verma,1019,1081
1443,karangupta10,857,972
1443,ELHANDLE,647,885
1443,PassedPawn,1077,1061
1443,Ricky_puig,1112,1088
1443,zwp,405,688
1443,vinnipuh01,1322,1252
1443,Cygnus_M,1102,1080
1443,inns_harsh,900,969
1443,mehadishakil,582,736
1443,hungducyb2004,0,418
1443,kunjthakkar65,1076,1060
1443,divyanshu02,881,921
1443,1O13,361,653
1443,code_breaker21,782,856
1443,DeividasSima,356,649
1443,Rumman93,1120,1094
1443,ayushmehta651,1124,1097
1443,kashishtayal127,1087,1107
1443,MorePylons,931,955
1443,SrivaAyush,0,418
1443,Shihab.,1054,1044
1443,monim14,1188,1144
1443,fireLUFFY,876,916
1443,red_coast,1318,1247
1443,TEMPXX,576,730
1443,adityasharma2117,1286,1222
1443,singhgaurav10,1293,1227
1443,NeighboursFish,1038,1030
1443,imhabib,705,806
1443,ansergeyg,947,965
1443,shrutiagrawal2232,976,985
1443,muntasir__,1018,1015
1443,soham01,1041,1032
1443,virang_virani,1091,1070
1443,Lanceloia,1544,1431
1443,leftwing,1039,1031
1443,Viper35,1003,1005
1443,D.iksha,0,417
1443,Dibyendu123,765,843
1443,dhimanda,1029,1024
1443,souvik7701,1114,1087
1443,Promi..,985,992
1443,adi_new,1071,1092
1443,sffgdg,1074,1057
1443,spryzen_v3,1118,1090
1443,PIL_grim07,1061,1047
1443,rashim_narayan_tiku,930,953
1443,baobao1702,1317,1246
1443,Spawnpoint,1389,1304
1443,warmachine_179,1131,1100
1443,nishtha_kumari,862,906
1443,Nayem019875,908,937
1443,satellite_,697,801
1443,sifat_hoq,984,991
1443,QAQ_hua,1065,1050
1443,siddhartha_bose,1134,1103
1443,ShridharT,1199,1153
1443,coding_lights,868,979
1443,flash196,1110,1084
1443,corredor10,938,993
1443,Sparr0w_2023,897,930
1443,suveen,1057,1044
1443,DucHuy,661,862
1443,ahmedash95,817,910
1443,Shivam_1192,926,950
1443,dnoir,746,886
1443,Flame_the_Boneless,727,819
1443,KornilevskiyEvgeniy,1162,1124
1443,rahul_2,1188,1144
1443,vivek12jul,906,993
1443,nahidswe,904,933
1443,akshatgarg12,1082,1062
1443,Black_idea,716,810
1443,tuhin107494,1240,1184
1443,xuangou,358,649
1443,rajputabhi4544,838,942
1443,krati,946,962
1443,HagarSallam,1038,1029
1443,ningbotangyuan,958,1032
1443,abhirajthedon,1215,1164
1443,quantitties_lover,1120,1179
1443,Vadimohka,1108,1082
1443,rk_fighter89,670,783
1443,_ciRcLe_,855,900
1443,hardik7e,963,1010
1443,tushar1_000,595,738
1443,greedyai,985,990
1443,d.divyanshu09,771,903
1443,maraj262000,901,931
1443,I_Y,993,1058
1443,go_beyond,812,935
1443,-LIMB_OF_PERSEPHONE-,1218,1167
1443,akash_musky,957,970
1443,REX_GENERATOR,746,829
1443,_phoenix_104,1153,1116
1443,sanchitkoul,916,999
1443,apoorvlodhi21,982,988
1443,masud45827,945,962
1443,kumar_vijay,959,971
1443,H_garg,419,697
1443,Magic_Trunk,945,962
1443,SehajbirThind,648,851
1443,MisbahUddinTareQ,1151,1114
1443,anim2k19,1097,1074
1443,tatti_randi,757,937
1443,tanvirtasin,995,997
1443,_Fahim_Al_Islam_,716,810
1443,be2p,777,848
1443,malek4167,887,992
1443,fake_srk,943,1035
1443,Anti_Virus,784,912
1443,A-B-C,796,859
1443,mahabub.rahman,1119,1088
1443,RKCROCKS144,932,951
1443,pandeydeeksha,786,913
1443,codex_Yashvir,937,954
1443,wrench786,989,991
1443,masoommittal41,863,903
1443,DarkShadowxxxxx,788,854
1443,kimnamjoon,776,951
1443,minhajk1002,732,818
1443,Zahidul_Islam,1288,1221
1443,CodingBeast23,1303,1233
1443,KiraAvi,1104,1077
1443,DotCoM,1383,1298
1443,vik0786,939,955
1443,ayush.verma16,975,981
1443,xbwlq,375,661
1443,shubhammishra85270,908,969
1443,kamroop,818,938
1443,Fuad71,0,415
1443,elistark,995,996
1443,qlw,670,867
1443,feelin_dejavu,1196,1148
1443,kafekafe,379,664
1443,md_01727,583,799
1443,samiadewan,466,664
1443,babyS1mpleFromCStoCF,531,700
1443,adityapande88,832,882
1443,purplevarun,997,997
1443,Dhruvin1827,955,967
1443,kanishkaa24,948,962
1443,Adi1443,753,831
1443,hbt1903,0,415
1443,tusharupadhayay55,601,813
1443,night_coder_orig,982,986
1443,PranavMare,876,912
1443,sra11,689,882
1443,excE,0,415
1443,sikander4411,416,693
1443,abhinavdeep,918,999
1443,Cipher00,1065,1133
1443,IT111,958,1047
1443,Pcjmy,429,704
1443,world_started,837,952
1443,Rahul19771,1235,1179
1443,Rishabh_Rawat,1021,1014
1443,Kryptonit,1150,1113
1443,Sourav.Kumar007,1122,1089
1443,ze9,947,1020
1443,Fuadul,1121,1088
1443,htija,912,935
1443,khaled_lu,752,828
1443,parth_atara,1043,1029
1443,gina_7,1020,1012
1443,pandeysaurav355,1019,1011
1443,iorveth,1175,1170
1443,hamo510,983,985
1443,ZeuS_4,979,982
1443,Mani007,1083,1059
1443,ShzFahad,947,959
1443,tanvir_murad,937,952
1443,AbyL_N,700,796
1443,shivamsouravjha,613,744
1443,LastKnightXZ,1092,1066
1443,Zyxd,370,655
1443,steve_ngphan,898,998
1443,mayukh_sarkar,392,673
1443,Morph3us_,980,983
1443,nasimnoob,707,801
1443,atreides_,897,924
1443,monsurajit10,824,940
1443,Inferno03,1134,1098
1443,Xantre,610,819
1443,Opengamer,1023,1014
1443,Dragon_Of_Flame,1059,1041
1443,ramesh1451,896,924
1443,Iklaq_ahmad,896,924
1443,shuaibbb,784,956
1443,shashanks1419,892,979
1443,harsh_tyagi,1179,1133
1443,mprakhar154,1008,1003
1443,ctyyyy,375,660
1443,Khizri,1030,1019
1443,Borsha_brur,1082,1058
1443,RockSnow,1380,1294
1443,blueomega,1458,1358
1443,2ndID,935,950
1443,Probito,726,812
1443,RomanaNourin,1044,1029
1443,RAKESHGON,1106,1077
1443,amrender9798,0,414
1443,__t___l__e__,778,845
1443,inshorebrand,990,990
1443,morpheux,708,896
1443,anjsam_,923,943
1443,vinalltime,1012,1006
1443,nicof,1175,1129
1443,RED2724,892,919
1443,shadman85,954,963
1443,adi-AKG,985,985
1443,vyomgarg,1285,1216
1443,Mrinal_Kanti,944,955
1443,sapora,1052,1034
1443,CodeClimber,1123,1089
1443,Chahal_Sakshat,1137,1099
1443,Eity11,652,765
1443,Mokshit21,712,898
1443,oiboi,1355,1346
1443,FuCkWa,1131,1095
1443,AzeZ.,871,905
1443,27ab,1145,1145
1443,scarface_,965,970
1443,dens,1447,1348
1443,qqqqc,929,944
1443,Adityakumar007,1054,1074
1443,rullakebab,879,910
1443,MuBsSHrNIb,1000,996
1443,Labonno120,844,886
1443,VANYA_LOX,630,833
1443,bob_marley,696,791
1443,hritikchaudhary,984,984
1443,Holmes1707,1192,1182
1443,CCSU__Leee,417,692
1443,ShigureYUi,902,1000
1443,GTcoding,1449,1350
1443,harshit2001411,1109,1078
1443,D_TO_D,389,669
1443,Mumu26,1171,1126
1443,par4dox,0,413
1443,Sm2019,879,910
1443,Jest_220,392,672
1443,fazle_rabbi_ferdaus,952,961
1443,DarkMotion,959,966
1443,36_naitik_verma,704,796
1443,raajb1691,1040,1026
1443,farhanamim,429,639
1443,rohanrauniyar14,827,875
1443,Shynt,1382,1295
1443,haoran.mc,899,982
1443,Itachi_of_the_leaf,1058,1038
1443,_pandey,1065,1043
1443,Vikrant007,591,801
1443,AC_Hoina,865,899
1443,parisa.mqdm,1109,1076
1443,ApurvaDubey,957,963
1443,1213641679,1064,1081
1443,tiger17,414,689
1443,kumarsujit04,769,836
1443,aranyakas,1086,1059
1443,maqsatt,586,798
1443,AlphaRelease,1064,1042
1443,Akhilesh103,954,1023
1443,Aayush_31,1048,1030
1443,nanda_8,928,943
1443,Pariah,1003,1034
1443,_ninja_me_1,999,993
1443,kopris,1022,1011
1443,Khalnayak,748,822
1443,shikhar_may7,1138,1099
1443,naresh_saharan151,946,1034
1443,vinnay,1063,1042
1443,Mycodeiskuina,1196,1144
1443,mdfarhansadiq,786,847
1443,Aratab,1163,1119
1443,Chani,998,993
1443,yashwanth_1952,0,412
1443,vid2k,992,989
1443,_14_,967,970
1443,Sujoy1,1038,1023
1443,tsama,985,984
1443,akash_258,894,919
1443,thanh-an,1233,1174
1443,ngo_hieu1,619,823
1443,abhishekanuj,839,880
1443,_return_void_,849,887
1443,Srisaivamshi,977,977
1443,Devil-zys,905,1001
1443,Atai,1067,1044
1443,rahul7777,1177,1129
1443,Sanaul,923,974
1443,kukolnikov,384,664
1443,TingTong_47,1084,1057
1443,ravitheone,734,869
1443,Wenzhongxing,1004,997
1443,hhminecraft01,1044,1026
1443,Elli0t_lee,753,929
1443,rachilles,1520,1407
1443,dnazirzhanov05,606,734
1443,RNAB100,926,941
1443,darain,785,845
1443,iamastitva3,1016,1070
1443,Mr.Hmian,812,862
1443,rafid.shad,912,930
1443,deep_is_high,1176,1128
1443,ruslanraupoff,1136,1097
1443,komalhere,1014,1004
1443,iouyu3,0,412
1443,liyexin,1175,1127
1443,Aeki,0,412
1443,Hossain15,843,882
1443,hdilantha,1417,1321
1443,fifth_leaf,853,923
1443,._._,984,981
1443,maro406,1248,1184
1443,tnaito,1540,1423
1443,Monika072,768,865
1443,ss_18,1229,1169
1443,roopak,766,864
1443,wangjiahao,1334,1254
1443,DrFabricio,1115,1080
1443,rishabhraj29,1113,1078
1443,zaied_AoS,403,678
1443,far_fetch,408,682
1443,Tanisha_06,986,982
1443,chinipardhi2804,942,950
1443,fatmaashraf,595,726
1443,KuklinMatvey,675,866
1443,NOT_AVAILABLE,848,885
1443,AtharvaShende,1073,1047
1443,Abdur_Rahman040,995,989
1443,Tanmay_R,1142,1101
1443,ptorbatii,1103,1070
1443,BadHero,0,411
1443,ManojSharma,1128,1090
1443,duttaani,942,950
1443,WMat,0,411
1443,SaraBitarafian,816,930
1443,upstream_,783,842
1443,sam766,1095,1064
1443,sharmamohit,647,757
1443,huytuong010101,1094,1062
1443,sakib51,936,945
1443,imBipro,846,953
1443,TerribleTwos,845,882
1443,0m3g4,739,917
1443,huuminh365,596,803
1443,kesh_09,856,960
1443,DIPUU,828,870
1443,marie_ralu,646,842
1443,Believer_98,921,934
1443,__Third_Star__,871,899
1443,akash_kumar123,827,870
1443,anis_bns,880,906
1443,Ymagnitude,867,969
1443,meraki_mk,1032,1053
1443,princekushwaha420,402,677
1443,Samiul_Mugdha,1109,1074
1443,kira_392,1055,1033
1443,saikarthik2602,950,955
1443,qwerty1996,960,962
1443,Georgepool,1104,1070
1443,WHcoderliu,757,885
1443,codeHunt07,998,989
1443,siddharthgogyan,361,643
1443,BIPRO,471,654
1443,AK-I-RA,672,771
1443,Siam_CSE19_HSTU,958,961
1443,Shourya_Agrawal,1066,1041
1443,SmAsHeR,1156,1110
1443,neptu,0,410
1443,Shreyas_Songirkar,817,863
1443,raridoy_zero,451,643
1443,samhaque999,592,723
1443,ritesharma,1307,1230
1443,dikki99,978,974
1443,adarsh_19,967,966
1443,HyperX3200,939,946
1443,NeelShah,401,675
1443,abhijeetagrawal02102000,1214,1155
1443,D0S,802,905
1443,lucasfcm9,1071,1044
1443,saikiran_321,579,788
1443,asqabaq,860,948
1443,sahilsinghzx77,1039,1020
1443,game_boy,0,410
1443,PradhyumnB,1042,1022
1443,invisible_leaF,426,696
1443,saiedhossien99,1169,1120
1443,vats.tarang,577,787
1443,Shreshthajit,740,811
1443,Shobhit99,858,889
1443,Mkkawser,753,820
1443,javierdavidsantos,0,410
1443,ghostman_123,511,765
1443,nikupinku,1068,1042
1443,TranBach,1066,1040
1443,Parafin-98,996,987
1443,SiddharthaG,853,942
1443,tautology,1402,1308
1443,Fancy_Teddy,647,842
1443,Bhagyashree,740,870
1443,4ff,0,410
1443,Shivangini_5519,934,942
1443,sqL_slammer,859,890
1443,sankitamandal99,411,620
1443,cherau,1221,1160
1443,beqakhelidze,401,675
1443,kikino27,585,793
1443,HurricKane,1078,1049
1443,HAUT_Ljh,0,409
1443,manas123,953,955
1443,luonganhtu,388,664
1443,Codula,746,815
1443,_begi_nner_,995,985
1443,pg1210,902,919
1443,Heisenberg21,1090,1057
1443,kritikapandey9416,778,835
1443,Ankit0403,947,951
1443,iBob,0,409
1443,siren_head,564,704
1443,kaumarharshit,892,912
1443,shivamhost,1041,1021
1443,mckm2000,1323,1243
1443,_SAH75_,1164,1115
1443,srisairam,957,958
1443,elizarv,1177,1125
1443,vikash_kr,757,820
1443,vikashsingh9547,0,409
1443,adityateltia22,398,672
1443,NewtGhost,596,800
1443,Sakibur__Rahman,1008,994
1443,Sunjaree,834,871
1443,pawan.kdandotiya.chy,1034,1015
1443,hacker0079,842,876
1443,sudhanshu9028,1203,1146
1443,cucust,1003,1056
1443,rw6,1050,1026
1443,pittsy,911,924
1443,abc3,1146,1100
1443,Nemanja03,0,409
1443,jimbei,394,668
1443,BiggEr.,911,924
1443,gitgud25,1354,1268
1443,baapcoder123,1002,990
1443,giva,937,1022
1443,JairoPDS,908,922
1443,Contest_P,663,853
1443,_musk20,1249,1182
1443,lokeshnn,1046,1023
1443,Dante1234,627,825
1443,yours.truly.beginner,1091,1058
1443,KH_Sakib,1012,997
1443,I_check,1350,1264
1443,Hanaa_Sous,1267,1197
1443,NaeemCse,812,889
1443,sruthisagar,0,408
1443,acoustician,634,830
1443,SR_Rimon23,714,791
1443,ak67,615,815
1443,SaYMy-NaMe,356,637
1443,RMAS,0,408
1443,i_m_subzero,747,873
1443,Imposter_,419,689
1443,rey_vai,1232,1168
1443,ermiababaie,1075,1044
1443,adarshmishra,966,963
1443,CodingBuddh,620,819
1443,yas265,825,864
1443,manupathria,974,969
1443,i_am_eating_tle_and_wa,531,683
1443,Saruar_Chy,791,841
1443,AyanoGod,1374,1283
1443,MusfiquerRhman,1145,1099
1443,3434184267HuanNN,893,911
1443,ROHIT_JAIN,1222,1159
1443,MYdinosaur,0,407
1443,Capta1n_Shy,989,978
1443,Monster_Code,1268,1196
1443,SHASTRI,813,854
1443,avi_9314,1208,1148
1443,K4YAN,1436,1333
1443,arbazalam,990,979
1443,Apzz,0,407
1443,defile_noir,1302,1223
1443,TareqMahmudHridoy,1431,1329
1443,divija96,393,666
1443,rhythmjayee,857,884
1443,zjll,1016,999
1443,satyam_soni,1078,1046
1443,rupam909,1249,1181
1443,ChristianHou,932,1017
1443,xsc,1797,1636
1443,shivmangal_y,812,853
1443,Amir.Khaldar,993,981
1443,sumitkushwaha1999,1121,1079
1443,bastian31utd,1525,1407
1443,1927shivamsingh,904,977
1443,tejasdeore7,1211,1150
1443,coderfool,1341,1255
1443,Dark_Intruder,610,726
1443,igb4,1365,1275
1443,manasvi.jangid,1098,1061
1443,2223582456,1030,1075
1443,eshbak-khay,390,664
1443,Shabab_kabab,724,796
1443,jeesu1729,1129,1086
1443,Monatized,1481,1371
1443,__psyche__,790,839
1443,Kidus,1115,1074
1443,khal_mohak,758,880
1443,nik,991,980
1443,anurag_kr_saw,829,865
1443,darshanbhangale,1236,1169
1443,souravsarangi,837,870
1443,Erohblak,1218,1155
1443,rahulladi8686,1322,1239
1443,QuanLe,842,945
1443,iamabjain,1428,1327
1443,Idkwhoami,1295,1217
1443,TusharGupta,1154,1104
1443,pagalpatel01,1093,1057
1443,kiran11621,684,868
1443,yrback,694,876
1443,Kirillpo,0,407
1443,tsabbir007,847,876
1443,mesourav29,936,939
1443,..x..,934,937
1443,tpriyanshu,1090,1054
1443,Mohamed_S.Elkony,1076,1044
1443,sarveshmd11,1075,1042
1443,Mr.mario,1181,1125
1443,aman741,1065,1034
1443,MateGiorbelidze,1285,1208
1443,Megumii,600,801
1443,Aashi03,1146,1097
1443,ankit9336,605,805
1443,Sanjay3135,819,856
1443,Greedy_Noob,752,812
1443,Sebastian,898,911
1443,Anurag_Nayak,900,913
1443,tuongvy27082002lqd,805,915
1443,shikhaa,865,888
1443,LightSwitch,1036,1012
1443,yakovenko,918,925
1443,_Kema_,1172,1118
1443,kwantum,1369,1277
1443,macha21,1168,1115
1443,QYIF,1003,987
1443,aabrakadabra,947,946
1443,kausar_ahamed,727,856
1443,54M4R,1019,999
1443,Wundhxs,1376,1283
1443,banda_of_Allah,752,812
1443,SA01Fan,1592,1462
1443,QAWIYY,749,809
1443,prateek97179,1349,1261
1443,daddylamba,0,406
1443,fbdn,0,406
1443,not_so_good_at_coding,1103,1063
1443,saumyaparikh,1008,990
1443,zhenek,375,650
1443,Nadr0j,0,406
1443,prashant601,357,636
1443,Shoukhin78,737,802
1443,zbokostya,946,944
1443,TheFakeOne,1117,1144
1443,wszdbha,855,938
1443,killer_12,1146,1097
1443,Mosharrof13,686,769
1443,kinwat,1053,1025
1443,Samiul2651,1086,1050
1443,FNSOIDATHQ,443,705
1443,tuantv,1177,1121
1443,Khaled_Awad,0,406
1443,rezibechvaia,1153,1102
1443,BHA_VIKA,382,655
1443,QsR11,1199,1138
1443,Leomon,618,814
1443,iftakharulhaq,0,406
1443,I_Love_Tourist_,1079,1044
1443,bagelmaki,457,716
1443,Five,844,872
1443,K_MARE,1279,1203
1443,Elkarem,0,406
1443,Kitonds,1448,1342
1443,priyanshbordia,1214,1150
1443,jramaswami,1201,1140
1443,Mathew_raimond,973,1001
1443,Jethalal_69,498,657
1443,pgthebigshot,840,869
1443,JoelThomas,0,406
1443,chayanj450,1459,1351
1443,ryuzaki0711,1020,999
1443,nixolito,1167,1152
1443,stefano_val,978,966
1443,tryzen,1083,1046
1443,CoDeveRse_07,577,781
1443,cll7777777,1284,1206
1443,dxo,439,701
1443,SrijanSingh960,943,977
1443,Honey_77,597,713
1443,dactor_beram,1486,1373
1443,ryu,815,850
1443,tipu721,872,890
1443,nanbu_1437,752,809
1443,gurdeepsingh1431999,599,713
1443,muhammadmunna,957,988
1443,mingwal.alankrita,908,915
1443,adnan_toky,1816,1651
1443,nomad_heart,823,855
1443,Over_lord,897,907
1443,dcypher,1252,1180
1443,Colonel_yousefAbosolieb,356,633
1443,rahulkumar12345,592,792
1443,srikar1999,883,897
1443,physics121,420,686
1443,hacksight,890,963
1443,123diwakarsingh456,1059,1027
1443,veteranic,364,640
1443,lolkeck123,0,405
1443,faizalam,870,888
1443,azureboy,1142,1092
1443,vs794771,970,960
1443,Pie-Lie-Die,1354,1263
1443,history100,1473,1362
1443,KirVolk,457,716
1443,keshav__raj,1328,1242
1443,lxga,1433,1328
1443,Shoto,1099,1058
1443,hansifpp,995,978
1443,badluck,508,660
1443,ardent_rushi,1037,1010
1443,debdeep20,958,950
1443,Asif_Fahim011,771,820
1443,erass,920,923
1443,shlokp762,1337,1249
1443,priyaml95,1073,1038
1443,ReX123,1385,1289
1443,scarr_7887,0,404
1443,Rajveer_100,878,893
1443,DoTran,883,932
1443,zunead_31,948,943
1443,mo7amed_hussein,0,404
1443,Ankitagrawal623,1061,1028
1443,ludoking,881,895
1443,AryanChauhan25,1185,1125
1443,5phInX,1358,1266
1443,AnantBlues,880,929
1443,tejas512,1189,1128
1443,Kanta_70,1042,1013
1443,R30B,778,891
1443,Harshith_031,821,853
1443,Ruhani,929,929
1443,rajat_0707,1234,1165
1443,johnwick771981,848,871
1443,nonsensecoder,812,847
1443,sha68,1407,1306
1443,pramil,776,823
1443,Kaleab_Asfaw,1250,1178
1443,saharyasser388,0,404
1443,karunesh13,920,922
1443,SJMormo,1152,1099
1443,Legend_117,933,931
1443,beast_slayer42,1222,1195
1443,Feronn4ik,1008,987
1443,Darknightt,892,902
1443,harsh1334,1003,983
1443,pinkman7009,1028,1002
1443,_Nitai_,1021,996
1443,Shameem_CoU,791,831
1443,nilayrajderkar,1360,1267
1443,Aspensor,1156,1101
1443,Tanvirrafi,594,792
1443,sahal,1384,1287
1443,Para_HaWK_,1186,1125
1443,Diamond-_-,1171,1114
1443,T_Chakrawarty,998,979
1443,panda631,915,917
1443,2018331116,946,940
1443,Freshfish,1256,1182
1443,baryshnya,455,713
1443,twoseven,1388,1290
1443,truestayhere,895,903
1443,siddhantv0702,608,803
1443,ekeshwarj5,890,900
1443,prateek._.mehra,1381,1284
1443,AdarshGupta1,711,839
1443,prince_kr0107,369,642
1443,SymonDs,945,939
1443,Sonsii,623,814
1443,Vivekvar_19,1207,1142
1443,WrittenInStars,737,907
1443,HeisenbergBlue,648,834
1443,Hakuna__Matata.2,1340,1250
1443,nitishcs414,1059,1025
1443,Hongliang,488,740
1443,AlifImran,866,882
1443,SolomonAkechi,818,905
1443,aref11,862,879
1443,helloworld506,595,792
1443,TAUHID_,354,572
1443,kt36,0,403
1443,rakreeritris,0,403
1443,machinepainter,1364,1270
1443,a4aakash,1300,1217
1443,-MadmaX-,1152,1098
1443,Ignite_X,1099,1056
1443,gyanendrasingh,854,873
1443,adrirajc,1532,1409
1443,Haree_Krishnaa,730,789
1443,Jackcao,1083,1042
1443,ameyadebnath,896,902
1443,Zhumabek.Anel,1034,1005
1443,klahsiv,857,934
1443,Sirajum_Munira,596,706
1443,mbi,1355,1262
1443,cssu,368,641
1443,Mahfuj_131,990,971
1443,thesaltysleuth,686,761
1443,anna257,1109,1063
1443,Slsvcn,1354,1261
1443,QiuHong,1112,1065
1443,..i..,1224,1155
1443,Kaushal_26,1367,1272
1443,kunal_0801,1307,1223
1443,pribic,1009,986
1443,Yumis,765,929
1443,kiruba.r11,944,936
1443,floch,1570,1441
1443,zhaiss,713,777
1443,Logicbuilder13,379,649
1443,dikshajoshi1800,883,892
1443,_______ReX_________,692,764
1443,ReapeR._,864,939
1443,timkm,0,402
1443,put_peace,1110,1063
1443,mr_fahad,946,938
1443,aravindchalla,667,849
1443,NoMap7,755,870
1443,Ghost_talha,924,922
1443,ankush8523,800,835
1443,Ghost_retail,1038,1007
1443,akashgupta_2019,1045,1013
1443,papahritik,896,901
1443,ntMatter,0,402
1443,codelectron,1227,1156
1443,hraj5654,1100,1055
1443,amir1213,1055,1020
1443,wcwu,1296,1254
1443,Clayatu,867,940
1443,_RANA_HOSSAIN_,1102,1056
1443,SaVyrin,374,644
1443,maslenia,635,727
1443,bhaveshgujar,394,661
1443,sayanmaity,938,931
1443,CZhylp,429,690
1443,bhav_esh,1130,1078
1443,quanlop2,878,948
1443,cornbringer,1167,1107
1443,LamiaMunira,493,644
1443,tanishgupta216,1032,1002
1443,index.js,364,636
1443,animesh142000,923,957
1443,juliu,860,952
1443,ritulaggarwal,1004,980
1443,Diganta,1015,989
1443,dragonmas,1042,1009
1443,utkjaiswal58,896,981
1443,hitarth_47,912,912
1443,bloodytiger,911,911
1443,strange007,995,973
1443,kawsar_hossain,583,695
1443,samearth,1029,999
1443,Azul,802,834
1443,RT_3,0,401
1443,n_o_o_r,895,899
1443,ashmulky1,674,750
1443,Farhan11,1016,989
1443,Amr_Fahim,1163,1104
1443,tanishqagarwal987,1241,1167
1443,arpitraj29,936,929
1443,nkumar2998,1212,1143
1443,SickkSoul,888,956
1443,lavanya_vaddavalli,1202,1135
1443,codechamp07,906,906
1443,7Seas,357,630
1443,camouflage6251,802,890
1443,kevilstark,1048,1013
1443,ImSarthak,1067,1028
1443,nhan0510,1165,1106
1443,Tawfik_CSE,575,689
1443,_sharmankit,0,401
1443,sanskar_kush11,1336,1244
1443,Na_On,852,867
1443,PM_2509,767,877
1443,Minh2409,1338,1246
1443,uemu,0,401
1443,_BAYMAX_,813,840
1443,Dejavo,1112,1062
1443,fanofcrapthecoder,977,958
1443,Iluzn_,1055,1018
1443,yyh111,847,941
1443,A_K0009,818,844
1443,newbie_to_newbie,1219,1149
1443,pavit_1809,1239,1165
1443,69_LoVeRGuY,1020,991
1443,qazaqbala,1031,1000
1443,qazwer,940,995
1443,aquamarine,677,751
1443,akki__1011,670,849
1443,aamir_1102,1124,1072
1443,iamvinayvk,1042,1008
1443,BuNaTin,689,865
1443,karma19,954,940
1443,wongzeongin,914,911
1443,minamo_,766,863
1443,pikuskd_32,1217,1146
1443,saurav_1653,1056,1018
1443,Sudeept,1188,1123
1443,cnikhil,1350,1256
1443,jhasaurav215,1351,1256
1443,adityachandla,877,964
1443,priyansh002,1169,1108
1443,TimeTraveler,1508,1387
1443,Zitrakz_orz,1068,1028
1443,S____,975,956
1443,nitish_pasricha,945,933
1443,lost_martian,1261,1182
1443,modest2001,1046,1010
1443,Siddi_404,829,850
1443,NotSoSmart,1575,1444
1443,Aliencode-R,1326,1236
1443,maiGeniusHoon,752,915
1443,shubhanshuagrawal0608,1144,1087
1443,GhostRider668,453,708
1443,devjadeja,1453,1341
1443,ViditBhardwaj,1048,1011
1443,nknguyen2112,1225,1152
1443,Saptak3315,953,939
1443,aatif20,1351,1256
1443,Coder_Geralt,872,880
1443,AR.,137,449
1443,notsoharsh,901,900
1443,Jaw_7227,1274,1192
1443,DA_ARYA,1004,977
1443,Eons14,1009,981
1443,rishav2898,662,740
1443,RHasanR,997,972
1443,prasad_14,796,827
1443,bps,1169,1107
1443,UnderTheRadar,962,945
1443,saksham2405,1471,1356
1443,RaHuL7,1100,1051
1443,mrashid_5919,1257,1178
1443,nikasardanadze,1393,1290
1443,Mau-D,1111,1060
1443,RifatunNesa,742,790
1443,kanumba,871,958
1443,Matuagkeetarp,1107,1057
1443,yingye12,873,960
1443,ms2020,1064,1093
1443,icOnic7,1015,985
1443,Jahidem,1402,1298
1443,Paulo_Vitor_Rocha,1133,1078
1443,Rbinn,1518,1395
1443,mansidhall,1000,974
1443,ujjwal_ray,1030,997
1443,rk.13,844,859
1443,dgenxsid1,688,862
1443,chaos_eater,1242,1166
1443,Jahaji,1110,1059
1443,msayak1269,380,646
1443,yasharma2301,1078,1033
1443,paperclip,926,917
1443,rakash,813,837
1443,DivyamSinha,397,660
1443,123456bei,730,846
1443,activeabhinav65,1172,1108
1443,kushal_pandya,461,713
1443,yaswanth0901,979,957
1443,elvinash,783,887
1443,2019004,855,866
1443,xinyu2020,856,928
1443,AGZubkova,752,915
1443,patel_aryaniiitbh,908,904
1443,Loser_life,367,636
1443,arpit31,951,936
1443,Ceeker2019,835,852
1443,shahru1013,822,841
1443,KAWSAR,1193,1124
1443,dedsec_29,1185,1118
1443,unexh,944,929
1443,Apolaki,883,885
1443,Chernovuk,1077,1032
1443,Izuku__Midoriya,860,868
1443,ankush_1999,856,865
1443,abhishekkrsp,1008,978
1443,LAWLESS,871,876
1443,kinnle,364,633
1443,dianzi192Tyj,918,975
1443,misterie,986,961
1443,chiraggandhi70726,920,912
1443,godbeliever_iitkgp,832,925
1443,Raftyy,751,794
1443,devanshmishra111,1089,1041
1443,avi_9829,1096,1118
1443,-rmq,1132,1075
1443,altKAKA,0,399
1443,alamin62,722,774
1443,Anmol55,714,769
1443,Akniyeet,796,897
1443,dimplebisht,822,900
1443,ranjan.prashant3655,1200,1130
1443,koshta_harsh,959,940
1443,_Np_nG,1125,1069
1443,djtrivedi1310,1087,1040
1443,jam1898,973,951
1443,rranjan18bcs,1189,1121
1443,purnanand,1095,1045
1443,AdityaHulk,1071,1026
1443,KCSB,965,945
1443,seul_espoir,1071,1026
1443,ryannguyen0303,719,886
1443,Shailabh10989,920,911
1443,1V1,1083,1036
1443,Badshah_100,918,909
1443,beowulf_rohan,1056,1015
1443,malingayam,777,810
1443,throwawayALT,977,954
1443,Raghav1202,932,919
1443,ArcHh_,757,796
1443,Teerthkr,949,970
1443,Abhay_raj1707,1043,1004
1443,aaltruv,1197,1127
1443,LisaVerma,1088,1110
1443,demon_m,1221,1146
1443,arghakole,1175,1109
1443,devo_bhai,975,990
1443,akukamsa,963,1009
1443,slanuk,1148,1087
1443,skyNanda,672,848
1443,decoder__,1400,1295
1443,lichenlong,1430,1319
1443,edwlad,950,932
1443,invictus007,1057,1015
1443,hg11110000,864,870
1443,WA_auto_machine,0,398
1443,R_Chandra,961,941
1443,HeadTwerp,1175,1109
1443,cool_akash,1049,1008
1443,rimihai,875,939
1443,pk_pawankushwaha,1106,1053
1443,Manish_14,1011,978
1443,Raptor_3186,1175,1109
1443,mahedi_hasan,1105,1052
1443,srijansingh660,707,762
1443,adityaraj200106,608,795
1443,Arthas,933,919
1443,saKIL,1023,988
1443,sainipradeep195,1188,1119
1443,sumeetbansal,965,944
1443,kissmoo,1420,1310
1443,ojbk,456,707
1443,Khatarnak-Khiladi,1201,1129
1443,NurMuhammad_19,676,741
1443,Lord_vaibhav,976,951
1443,shandilya0598,1172,1105
1443,senjucanon,942,925
1443,Meghna_Barnwal,925,912
1443,ma5ba,837,849
1443,ten,990,1030
1443,Mayur1009,1051,1009
1443,Noctambulant,1309,1218
1443,_dip_,1069,1023
1443,yang123,903,896
1443,masumrana,421,590
1443,Niagksimal,1293,1205
1443,suswan_biswas,845,915
1443,blazing_zap18,1022,986
1443,_One_Two_,1170,1103
1443,adityasarkar,952,933
1443,LastOnFire,900,894
1443,parth8302,1092,1041
1443,The_Flash_,1747,1588
1443,one_day1,409,668
1443,cchinmaya3,657,729
1443,alt.,971,947
1443,_Twinkle_,860,864
1443,lamisk,915,904
1443,VAICR7BHAV,1217,1141
1443,thor_vinayak,623,805
1443,siamsplash5,732,776
1443,Yellow_Leibl,646,824
1443,dummybawa,1006,1065
1443,unexpected_surprise2.0,1236,1157
1443,eee123,679,851
1443,shivambindal2611,1020,984
1443,phanbadaiphuc69,0,397
1443,suru49,977,951
1443,Fga4643,1176,1108
1443,otpiD_047,1307,1216
1443,303iq,1564,1431
1443,CoderSilence,743,783
1443,Debojit219,1022,986
1443,MakadiyaYogi,844,932
1443,jfy,1293,1204
1443,F4llen4ngel,1243,1163
1443,pb1234,714,763
1443,Reinhart,1058,1013
1443,rupakrajak,1216,1141
1443,Xoldorov_Javohir,744,852
1443,m_10984,877,876
1443,adi_tya,590,778
1443,Abdullah_Omar,714,763
1443,mehul04,1065,1018
1443,C0ffeeMachine,1188,1118
1443,czm2001,0,396
1443,swagsysecond,0,396
1443,The_Witcher,930,914
1443,tony_stark2000,749,786
1443,whiteReboot,898,891
1443,xiangpixiong,0,396
1443,abito12,1055,1011
1443,sandyfred,619,802
1443,toufique_husein,715,764
1443,rajvi3003,1010,975
1443,kimtaehyun98,1269,1184
1443,Shawerma,942,923
1443,ERROR_123,413,670
1443,mynk98,1254,1171
1443,op_of_HD,1294,1204
1443,soosungp33,864,948
1443,skrhsg,829,841
1443,tusharrr,1108,1052
1443,pehchan_kaun,748,785
1443,Aditya77kushwaha,922,908
1443,ove46,980,952
1443,d_ing_,430,684
1443,mabhishek.tethered,990,959
1443,Jingshenxiaohuo,1076,1027
1443,pandey_ji_,850,936
1443,proJESUS,1221,1144
1443,Anon_Anon,0,396
1443,Failure12,971,945
1443,Sadik_1603075,1115,1058
1443,TowerToSky,1201,1127
1443,ermac_wins,1373,1270
1443,Programmers_Hive,962,938
1443,amr7503,1044,1001
1443,kartik_glbitm,1023,984
1443,contest_HUT,1000,966
1443,psychosocial07,742,849
1443,Yohan_L,1118,1059
1443,OussemaKam,0,395
1443,abhay_jaiswal13,1049,1005
1443,Sachin_Arya,976,948
1443,bravuros,0,395
1443,raven.cpp,1287,1198
1443,IshrakTanzim,714,761
1443,Digvijaysingh0707,928,911
1443,stryker27,791,812
1443,MacMillanOP,869,868
1443,sud123,1118,1059
1443,RedBeam,1122,1103
1443,TeofilBo,1032,992
1443,source_and_code,842,848
1443,mdiktushar,881,876
1443,Riajul_Alam,961,936
1443,Harsha_Gajjala,723,834
1443,SIZAN,838,845
1443,vaishnav_firebolt,1210,1134
1443,Mohak.,589,681
1443,CardWind,939,919
1443,Vampire_21,1197,1197
1443,oneluckyday,1748,1587
1443,pphoenix,578,674
1443,yash_dipa,892,884
1443,Md.Ripon,736,843
1443,arkajitchoudhury54,1068,1019
1443,X-O__O-X,1557,1424
1443,anjali_25,1008,972
1443,DanB3,962,937
1443,shafiabi07,849,853
1443,rishavsaraf8,876,871
1443,Matthew_K,1116,1057
1443,SadFriedRice,821,832
1443,Mina_Eissa,1367,1264
1443,Ruban_Denic,966,939
1443,garv901,1148,1083
1443,bigode,633,811
1443,souravmishra110,813,904
1443,peppypanda,671,842
1443,sudhirsam0729,952,928
1443,zwjupup,990,996
1443,anshus7007,811,903
1443,Suraj_Palod,818,908
1443,Plutostay,985,953
1443,JYUX,744,903
1443,viboo27,1153,1087
1443,wangyaoning,1321,1225
1443,Shrayansh_9511,0,395
1443,Naoki_M,1789,1622
1443,Neon5473,1023,983
1443,sparrow145,911,897
1443,dlehgns011,1054,1007
1443,altria233,1115,1056
1443,NekRoz14,1276,1188
1443,Ashfiq_98,720,763
1443,harshit020810,1034,991
1443,18bcs2312,912,898
1443,giner.samurai,1218,1140
1443,b001ean,688,856
1443,xrr233,974,1036
1443,ynjsxbb,940,1007
1443,Anindita_,921,904
1443,bhargav_007,726,766
1443,Vishal30,1144,1079
1443,hackerick99,589,775
1443,iamaaasif,933,913
1443,Banan,1191,1117
1443,RinHikawa,915,965
1443,juziapk.programmer,406,663
1443,im_mortal,1099,1042
1443,Jalal_LU,803,817
1443,u_d_d,1097,1040
1443,chiragkava11,878,871
1443,ScalarField,462,709
1443,Sowkat9022,859,858
1443,kurama009,970,979
1443,khandelwalpratham228,731,768
1443,rohitb_avg,1145,1079
1443,Vsein,942,1008
1443,Dipak_z,749,781
1443,nik_kill,1035,991
1443,shivam2001,1475,1354
1443,opopop,1340,1240
1443,Luu_Yen_Nhi,1262,1175
1443,durlavbose3965,931,949
1443,sumon123,1005,967
1443,Israt_Jahan_R,904,890
1443,jana_m,0,394
1443,rebel_roar,762,789
1443,winner112,936,914
1443,harsh.28,719,828
1443,sumit_kk10,1198,1122
1443,piyushpandey,1014,974
1443,avibansal005,961,933
1443,kpps,1053,1005
1443,sane_sana,1249,1164
1443,sesh,1547,1414
1443,priyanshkt67,1496,1372
1443,code2code,1112,1052
1443,soham2134,368,630
1443,littlehead,1293,1201
1443,musician44,1048,1000
1443,BlackIce666,1065,1014
1443,pragati_p,1140,1074
1443,Al_Aswany,378,638
1443,bhagesh_007,1352,1249
1443,nehalreshuaaryan,1121,1059
1443,cristianomessi,0,394
1443,pooja2108,880,871
1443,antidote,834,837
1443,yepbuddy,645,819
1443,mishraatharva31,1016,975
1443,shahriyar,1095,1038
1443,nk007,996,960
1443,old_but_not_obsolete,0,394
1443,shrutiagarwal14,919,900
1443,liyongqishiwo,1007,1007
1443,SlaviX,1027,983
1443,coolboy7724,1040,993
1443,heyrocketsingh,858,891
1443,Shuvodip_Das,357,620
1443,Problems_AB,1119,1057
1443,Cobain13,923,903
1443,deepesharya359,918,966
1443,playforfun,1212,1132
1443,M__S_B_,1019,976
1443,ksourabh7.sk,1070,1089
1443,Nabonita_Islam,423,578
1443,ayushyadav685,984,949
1443,strivetodeath,985,950
1443,WCLCNM,997,959
1443,BijoySingh7,754,854
1443,ritheshvarma,532,640
1443,Jastrow,983,948
1443,N0USH1N,951,924
1443,NAHID_KUET,1083,1027
1443,xeno3112,1148,1079
1443,watarimaycry2,1348,1245
1443,Gupta-OP,795,809
1443,Hack-me,656,715
1443,hemanth_139,975,942
1443,hello_algorithm,1240,1156
1443,prakrat,1216,1136
1443,sid_rasa,798,811
1443,ykadeva,834,872
1443,Nasim_Bahadur,738,769
1443,Petremol,1071,1017
1443,SHAO_KAHN,1119,1056
1443,aman212yadav,1367,1261
1443,ikarus_101,1256,1168
1443,bhy_ahmed,1279,1188
1443,viraat_noob,1394,1284
1443,Blade9674,1114,1092
1443,zineq,962,931
1443,madoka__1995,1104,1044
1443,sameesevas,1179,1105
1443,mh1304,1162,1091
1443,tahsinur777,1128,1063
1443,Multibala,0,392
1443,-NAYEM-,1034,987
1443,HitBlue,843,842
1443,Raselroky,912,893
1443,aKILLL,1216,1135
1443,kartik_077,979,1013
1443,marcos_suraj,1054,1003
1443,Aden_blizzard,1077,1021
1443,eugalt,1041,993
1443,EU_,651,823
1443,Shahriar01,809,853
1443,subhajitdas,1080,1024
1443,vaibhavsetiya,770,790
1443,amiaim1,1076,1020
1443,live_like_simple,833,897
1443,harshad2112,1231,1147
1443,adrsh23,1025,979
1443,d7kk,828,830
1443,kali1314,826,828
1443,Jawahiri,878,866
1443,Jesuss,1078,1021
1443,ashadullah_arif,854,849
1443,dark_knight34,1033,986
1443,Prakhar2299,1256,1168
1443,DrC0mm0n,636,810
1443,haha_hhh,923,901
1443,time_to_dual,1390,1280
1443,showman_,357,537
1443,heatGlass,800,810
1443,Naruto_Uzumaki_,1192,1115
1443,Joshi503,910,891
1443,abc_j,0,392
1443,kush_1234,1135,1068
1443,rsinghtomar54,1240,1154
1443,OnionEgg,0,392
1443,royalrawal.2001,1136,1068
1443,Par_zival,939,913
1443,pravartya007,1290,1196
1443,Alexbb_8,1149,1079
1443,warlock399,908,955
1443,_WRONG_ANSWER_ON_TEST_1,1173,1098
1443,priyanshume99,1522,1391
1443,Mr_Raghav,1147,1077
1443,abhk943,939,912
1443,nguyennghi2012vn,692,735
1443,harsh3pathi,794,805
1443,Breath01,1205,1124
1443,scottzzy,648,819
1443,ezenjun07,1375,1267
1443,yooniversal,1077,1020
1443,Imran_Farid,1059,1006
1443,fenix_25,628,693
1443,BVSROHITH,356,617
1443,gods_eye,1164,1090
1443,orton,941,981
1443,sourav_k7,1103,1040
1443,jomorales,1150,1079
1443,Rohit83,0,391
1443,Koseeeke,691,854
1443,me_aditya_garg,1194,1115
1443,itachi12,993,1023
1443,signed_integer_overflow,949,919
1443,Ajay_kumar_,895,877
1443,ad451,776,791
1443,CrispOuO,1476,1352
1443,Focus_2000,1099,1038
1443,AsktoAjinkya,1177,1101
1443,ss04,1221,1138
1443,MdFayzul,591,772
1443,Jushraf,1123,1057
1443,rai_14683,0,391
1443,rainier_1,1142,1072
1443,Worthless1610,1131,1063
1443,Hand-to-some,935,907
1443,Ok55,823,860
1443,MikeSan,831,893
1443,liuwanwen,905,884
1443,dodo76,0,391
1443,feluda_bakshi,918,895
1443,nav0830,827,827
1443,Harapriya,999,957
1443,MLEonTesTinF,1086,1026
1443,Best_Raino,1147,1117
1443,sirius_black1,676,722
1443,chiptune,619,794
1443,chetansingh_1215,842,901
1443,gaurang_k,615,683
1443,Sharia_Habib,866,854
1443,Itami-san,393,647
1443,Prince_Nandha,926,991
1443,Code07hunt,987,947
1443,dadadasdasdasda,981,1037
1443,A_Gentle_Name,1231,1145
1443,vvkrawat,0,390
1443,Confused_Winnie,599,673
1443,Naaz_02,1111,1046
1443,PARTHA_04,1242,1155
1443,mahim_mittal,1293,1197
1443,xkg258,730,886
1443,silent_baba,1079,1020
1443,Saiham,717,749
1443,Chancy_w,1324,1223
1443,namita_27,357,616
1443,deepp0254,971,934
1443,ank117,579,760
1443,__FireBlade__,1142,1071
1443,nay_1234,0,390
1443,zybactuk,792,799
1443,nekoma_five,1012,966
1443,mnishhh,1140,1069
1443,cj_1412,1016,1041
1443,Shree05,597,775
1443,ankur221b,1147,1075
1443,any1hacks,1308,1209
1443,yashdhiman,1110,1045
1443,REDBLACK01,753,772
1443,baskarhappy,821,820
1443,akash-vhotkar,679,723
1443,AdrianOnofrei,587,767
1443,Dhrubo30,739,893
1443,komolakanto,1841,1664
1443,wttc,736,760
1443,sumtanarab,905,950
1443,poppy2000,1193,1113
1443,Mango-man,857,846
1443,phongbeen,1198,1117
1443,Mahalwar,1222,1137
1443,tangya,1111,1045
1443,shipramzn65,919,893
1443,Akash98,868,854
1443,Devanshu70,1065,1008
1443,vishwanath_db,1027,977
1443,arnav7060,1039,986
1443,dreamstarfirst,1171,1094
1443,amr_anwr,1062,1005
1443,KaurB,1396,1283
1443,Eason_AC,931,970
1443,Prem3081,1131,1061
1443,Hohkalaama,1332,1228
1443,yhn540671670,411,661
1443,Jekuper,1044,990
1443,Phasmophobia_1.0,424,672
1443,G_D,1184,1105
1443,_nirjhor,894,873
1443,rini_19,1189,1109
1443,planC,1169,1092
1443,shubham_1305,1002,957
1443,ParamRShah,1087,1025
1443,codercat1611,871,922
1443,maniac731,903,947
1443,gabik2009,1556,1419
1443,i_am_bug,902,879
1443,dhruvsahni89,940,908
1443,Amagnum_005,1069,1010
1443,J_H,764,778
1443,arindam_425,1085,1023
1443,hande1708,1259,1167
1443,aarushivij,1205,1122
1443,ma2,0,389
1443,eheheee,0,389
1443,KyuHyoung,496,733
1443,hgjgj,959,1017
1443,Crayz3e,1074,1014
1443,Temmi,751,845
1443,S_akiB,1041,987
1443,bhiruddigvijay,1167,1090
1443,mj729,1193,1112
1443,amir_asad,1013,1036
1443,the_ancient_one_,1255,1163
1443,DarkHome,726,750
1443,arandomuser,0,389
1443,Hriday_Sutradhar,688,724
1443,Acmer_tao,844,834
1443,neel1102,991,1043
1443,aayush_agarwal,0,389
1443,fingerpartyxoxo,1079,1017
1443,skate1512,904,879
1443,Bad_Coder_CP,306,498
1443,A_Fawzyyy,411,661
1443,prachiNit,590,662
1443,dtushar,1613,1466
1443,guillem,876,858
1443,Ashutos_65_00,919,891
1443,anmol_786,1212,1127
1443,eamon831,839,830
1443,goyalktushar,1472,1347
1443,xboard,1228,1140
1443,jamira,1477,1351
1443,Tolerable,1058,1000
1443,CoverDrive,1229,1141
1443,.ja.is,803,804
1443,wubalubadubdub,927,966
1443,s_chauhan2021,1198,1115
1443,Shiro.Yaksha,1030,977
1443,pavankumarvm,932,901
1443,venkatachandu08,810,892
1443,Deblina_Mazumder_Setu,898,874
1443,geeta07.2014,811,809
1443,nitish.vaishnav,1337,1232
1443,Srujan,1007,958
1443,rohit_lohar,585,657
1443,HoTheos,1085,1022
1443,JawaharLal_Nehru,1056,1098
1443,Gaurav_151,899,965
1443,LyFive,579,757
1443,jztr,1036,982
1443,popopapa,1205,1162
1443,kartikeyat298,760,851
1443,TomKode,985,981
1443,t1s6,859,932
1443,eroinevs,423,670
1443,samkitjain4916,1082,1019
1443,fashdani2,373,627
1443,Jeel_patel_1812,1018,967
1443,jethaji,1154,1078
1443,Mr.Potato_Head,673,712
1443,am99,626,796
1443,saumya221101,1134,1061
1443,minato_16,736,888
1443,pratyachugh,1119,1049
1443,manthanvijay7,874,855
1443,singhcodes,914,885
1443,Pinak_0,1032,978
1443,surveshubham10,781,786
1443,Kami-Sama,1437,1316
1443,AbdulAhadKhan,1088,1064
1443,EvO,833,824
1443,puchipuu,1192,1109
1443,ankit_031,858,842
1443,Dragon-China,1201,1116
1443,Aquanox,1049,991
1443,Erox_19,767,855
1443,snasibov05,730,883
1443,Rayo,970,928
1443,Ankit_stcet,1012,961
1443,nmittal41,1021,968
1443,..DaivikPurani..,1146,1146
1443,sr_sweta,916,885
1443,geekNkta,806,803
1443,wock,583,760
1443,nightmare_2,924,892
1443,mishras839392,1123,1051
1443,sajib_shayan,831,821
1443,Achilles3301,0,387
1443,awantic137,1353,1244
1443,Sam1r1000101,808,804
1443,Espoirer,984,939
1443,20191002184,1139,1064
1443,meh22,800,798
1443,akshayvaje14,843,830
1443,dev6251,1187,1104
1443,sauravpal,357,613
1443,mkk2305,642,808
1443,harshsbhandari,788,789
1443,aadarsh_shaw,832,908
1443,goyalumang,962,921
1443,yoddhaa,1609,1462
1443,iamsks,1141,1066
1443,lammim,800,797
1443,NoobCoder001,1116,1045
1443,shimasima2,1074,1051
1443,niyam239,1245,1152
1443,sayam28001,861,842
1443,Rhaegar007,1042,984
1443,UsmanGaniPranto,741,833
1443,Siddharth_05,1248,1155
1443,Necuno,1044,986
1443,scuby30,970,927
1443,error9029,1099,1031
1443,akvs,1073,1009
1443,notcool908,840,826
1443,avinashjha11,1056,995
1443,tg__,901,873
1443,rain__maker,1294,1194
1443,sOuI,1246,1153
1443,aman_7017,786,850
1443,TZC-CHsurpass,1028,972
1443,Brijesh_03,894,867
1443,shwetankdixit551,1252,1158
1443,_Naim_,1153,1075
1443,hee.hee,1210,1123
1443,Nothing_1729,1015,962
1443,wearerocking34,1236,1144
1443,amruth1710,1115,1043
1443,new_dawn,782,846
1443,DevangSharma,1199,1114
1443,vrls,0,386
1443,aMAN722,801,797
1443,joanb0ix,1133,1058
1443,UIT_GP,944,976
1443,1yashraghav,1160,1080
1443,sangwansss,1203,1116
1443,jj0010,911,879
1443,vishad522,957,915
1443,Alireza_Pk,810,803
1443,_akiib,804,798
1443,Om_Prakash,871,849
1443,Towha.E,878,854
1443,rakesh23,1133,1058
1443,Masum.Billah,1289,1189
1443,sahildabhi0101,1124,1050
1443,Twod,1279,1180
1443,karelispanagiotis,1286,1186
1443,NoobCoder0707,862,842
1443,im07soumyadeep,923,927
1443,Mahfuzur_Rahman_Shanto,759,766
1443,roboanna,1302,1200
1443,invalid_id,782,782
1443,Leonard,436,678
1443,Not_unuseless,962,1015
1443,Inchara,621,672
1443,ritikiitr765,976,970
1443,justanotherlad,1143,1066
1443,_hippy,937,994
1443,_Ramba_,1477,1348
1443,akshu_04,1079,1013
1443,awaishmemon17861,915,881
1443,Shanto19,867,883
1443,MOJU_38,872,848
1443,Om_sindal01,865,843
1443,nikhil.is18,892,902
1443,KartikSatoskar,1075,1009
1443,Propulsion,835,909
1443,roubin8757,922,887
1443,prayashverma007,1046,985
1443,prudhvi-hack,456,695
1443,GangadharHiShaktimanH,1661,1506
1443,__saanto_,1209,1120
1443,sudoSieg,1697,1537
1443,alex_code,874,849
1443,Ganezz,777,777
1443,deepakash07,1106,1034
1443,shubham_saurav_035,887,859
1443,sanidhya2101,1179,1095
1443,Lion_roar,745,754
1443,Mriduldu,1000,948
1443,aa_y_ush,992,941
1443,Electricity,580,754
1443,Shohan_042,939,899
1443,whoisanshitarya,920,885
1443,Paawan_Singal,1187,1102
1443,nerv_e,856,873
1443,tenet_2.0,1095,1024
1443,LITMUS,1302,1198
1443,coolManit,1089,1020
1443,livindragon,852,832
1443,kirito_w,1119,1045
1443,victoragc,850,920
1443,Shiv_Kumar45,0,385
1443,Pgk,821,808
1443,hrxcr7,1086,1017
1443,abhishekkmandal,990,939
1443,justAces,1073,1006
1443,small_fish__,1538,1399
1443,ch_its,999,946
1443,joaogabriel,830,881
1443,nikhil98,1262,1165
1443,nick_nack_,0,385
1443,rishabh19,1041,1082
1443,_Miss_,1083,1015
1443,kaushik_1809,897,865
1443,PKLYKAN2025,409,540
1443,heat_007,908,874
1443,btme,1303,1199
1443,wizard__,1093,1023
1443,jayesh07,496,728
1443,gogenzollern,0,385
1443,c9lwh,1074,1007
1443,cellphish,998,945
1443,me_neha1309,1027,968
1443,Nivea5,560,629
1443,zqzc,407,652
1443,madmaxxed,998,1045
1443,h1s3nb3rg,1172,1088
1443,YJHrookie,1043,981
1443,ShailaShaznin_1803050,925,887
1443,onesunny,1276,1176
1443,mohitiit651,581,754
1443,Chintan6602,894,863
1443,touvrist,0,385
1443,abhishekksahay.eee,1261,1163
1443,shri22,1131,1054
1443,sudip_mondal,375,625
1443,ONKAR1,695,850
1443,HarryWotton,505,735
1443,tanvirshossain,1052,988
1443,nesco,1003,948
1443,Tamim_,916,879
1443,amitjena40,1073,1005
1443,shlokam,1055,990
1443,kosandron,842,912
1443,Live_to_learn,807,883
1443,Aditi_15,546,619
1443,eziunu,1186,1099
1443,adeeSh03,770,852
1443,living_particle,1009,953
1443,TheNinza,1202,1112
1443,blackroom770,1137,1058
1443,sixth_mancity_fan,1233,1139
1443,7pranav,0,384
1443,thinkinlog,1226,1133
1443,Akshith_reddy,1248,1152
1443,_tfp_,798,788
1443,qi003-,1059,993
1443,qingpingrenjian,1229,1135
1443,utkarshvashisth2221,1105,1031
1443,kvv,1085,1015
1443,yjitu9950,1278,1177
1443,majorbuzzkill,920,882
1443,laurent92100,612,779
1443,madhavan_raja,1140,1060
1443,knightvertrag,888,951
1443,KhanMahedi,1028,967
1443,lev1106,1225,1132
1443,B4B4,1032,971
1443,Survivor49,778,773
1443,UnluckyOne,1026,965
1443,olosh_ami,900,865
1443,Priyu,631,794
1443,opize,373,622
1443,SeyyedAmirHosseinPiraei,376,625
1443,beastslayer123,708,723
1443,ash.ketchup,1138,1058
1443,Shothogun,654,813
1443,shubhamsk1,929,887
1443,adady,794,784
1443,devanshu_raj,1239,1143
1443,UnkFoeva,1124,1046
1443,sauraviiitp,1355,1242
1443,__palash__,1194,1105
1443,BBaP,0,384
1443,mukund0909,1028,966
1443,Leggasick,939,895
1443,sunshodan,1126,1048
1443,skyviewer,1119,1042
1443,st988770,1012,954
1443,shrutin,799,853
1443,linkindrinkin,356,607
1443,Inversentropir-36,1258,1159
1443,bachaquer,1101,1026
1443,Rasel,958,910
1443,idle_abhi,920,880
1443,Sanguine,998,942
1443,_logic,1259,1160
1443,guke,359,610
1443,MesutOzil,1000,943
1443,rajat_kgp31,1195,1106
1443,TarekGamal,1110,1034
1443,athletecoder,1105,1030
1443,FXT123,0,383
1443,Tanu911,1093,1019
1443,2018331124,328,487
1443,Rabby33,1143,1061
1443,shanty34,357,608
1443,akaki.benidze,0,383
1443,Madhu5,963,914
1443,Parmeet_Singh,951,1003
1443,Upendra078,862,834
1443,Suifeng0214,792,781
1443,bowlofc0de,738,885
1443,Dakan,936,891
1443,discombobulated_coder,1350,1237
1443,poulaatef,879,846
1443,mpi1984,984,930
1443,Manas_Saxena,1069,999
1443,Problem_Solving11,899,862
1443,bugperson,903,865
1443,Amrit_nand,830,809
1443,MAXBACK,1015,996
1443,__Spark__,407,650
1443,harshnv.26,965,987
1443,1525,1095,1021
1443,pchakra012,843,819
1443,uchiha_madaraa,1175,1088
1443,Dengjiayang,868,877
1443,never_stop_exploit,1064,995
1443,WinaTungmiharja,0,383
1443,priyank_24,852,894
1443,Carrotkun,915,874
1443,dgx,356,606
1443,aman_k16,1004,945
1443,sumon_ahmed,867,837
1443,shubham98,1267,1166
1443,hetu_20,1075,1003
1443,Philosophe,1116,1080
1443,BlackDavid,724,811
1443,ikun_QAQ,1360,1245
1443,AnasHagras,1045,979
1443,Crypt0p,1096,1021
1443,zucyo05,457,692
1443,ashu.adhana,990,933
1443,memwri,935,889
1443,EzioAD123,1351,1237
1443,prakshu,1027,964
1443,Izuku_2k,978,998
1443,pdpr,825,804
1443,Gautam_310,890,893
1443,__Hasibul,868,836
1443,drishti__arora,614,654
1443,Crazy__code,0,382
1443,martin.yan.seu,0,382
1443,Valkov,1108,1031
1443,huukhoa26082002,0,382
1443,Mir_Rifat,513,590
1443,mar_Priyanka,838,813
1443,kihyo,1132,1050
1443,LNPhong,828,806
1443,gmenegali,1129,1048
1443,sakshi-1,1081,1084
1443,kalpitpant32,1009,948
1443,Draxster99,1266,1164
1443,back_up,693,707
1443,Shihab_19,1114,1035
1443,PG07,1011,950
1443,yks57,1013,951
1443,Default_er,398,641
1443,morasha3,976,921
1443,bluerish_angel,676,694
1443,rachitranjan_ra,806,787
1443,tazmilur20,726,730
1443,gogia_garima09,1085,1011
1443,anu_12,1106,1028
1443,MRZN_SNTO,697,709
1443,DhanushPrabha,598,764
1443,Siam-Ahmed,939,891
1443,ripper479,1304,1196
1443,kuertov,1219,1124
1443,Ketaki,916,872
1443,Rohan_25,1111,1033
1443,codebook_2000,1051,982
1443,Ahmed_Solyman,901,860
1443,kudoushinichi2912,874,839
1443,bangbang1,994,935
1443,kartikeyamisra12,1314,1204
1443,Deepakraaj,894,855
1443,splendid7,786,772
1443,EAGLE_12,1052,983
1443,deepesh.arya,951,900
1443,lamda_cdm,1362,1246
1443,aarushigajri,602,767
1443,R..,931,884
1443,abhinavxd,791,776
1443,r4m1m,1058,987
1443,nguyenkimphuongtrang,1310,1201
1443,Analogy,1066,994
1443,unknown_user_spotted,607,771
1443,sadman15019,1175,1086
1443,Thecjh,404,646
1443,ishrafil2233,888,850
1443,DragonO_o,1261,1159
1443,dark_gagaga,0,381
1443,Wawa1,1092,1016
1443,__Tarik__,698,707
1443,still_newbie,1039,1047
1443,ShawonSUSTSWE,1013,950
1443,mit1234,1240,1141
1443,hanyiye,404,646
1443,Moumi_,1181,1090
1443,q15774,909,905
1443,VBN2470,1095,1017
1443,_Shashank_,838,810
1443,deepalisingh,0,380
1443,murattyldrm7,817,862
1443,alever,1018,1029
1443,vr_akr19,1314,1204
1443,saumyanayak264,720,722
1443,tlekiller,1000,938
1443,conqueror_of_pajenegod,1066,993
1443,Justen_Samir,899,857
1443,12345678_10,1213,1117
1443,masterchief164,1130,1047
1443,sench2006,1166,1077
1443,llloo,869,834
1443,Vedant,671,795
1443,Dr.Malware,1141,1068
1443,The_Universe_Boss,1044,932
1443,abhiram24624,1013,903
1443,aman1045,430,644
1443,shshwt.khr,0,358
1443,karthik1636,0,358
1443,dkrylov,1121,1003
1443,torus711,1551,1390
1443,catastros,1254,1125
1443,soutiknandy,1251,1123
1443,sumit1311singh,965,948
1443,amswaraj,922,818
1443,level_01,0,358
1443,mmxqwq,909,934
1443,yash_2523,1148,1028
1443,pyarelal4345,637,764
1443,akash_18007,480,392
1443,darpan_bajaj,1129,1011
1443,smhleo,0,358
1443,ritik.kr.monitor41,1019,909
1443,Amit_Nandan,607,737
1443,guguguyoo,1429,1282
1443,hfxzhj,1125,1007
1443,saphaYaRk,1102,986
1443,mua_chieu_25,1339,1202
1443,the_compiler,1073,959
1443,kozinii,1257,1128
1443,RainyDayRainy,472,682
1443,Kazeno,594,725
1443,naim33208,763,759
1443,akansh_singhal,1269,1139
1443,CodeWithShubham,802,752
1443,Uthant,961,854
1443,Accumulate_gradually,0,358
1443,cenafurberx,802,704
1443,8893160516CuongNN,806,839
1443,m1snook,846,876
1443,hiteshchopra11,495,407
1443,baby-coder,727,766
1443,EmOnhaQueMoiLen,1025,914
1443,i-love-sumaiya,1407,1263
1443,error_0100,745,697
1443,WeEs,1043,931
1443,deepsan,981,873
1443,sample001,853,883
1443,a1000,772,675
1443,0th_DIMENSION,393,611
1443,bhavikajain04,649,775
1443,tdpencil,698,604
1443,phcdream,1132,1014
1443,nothung,1269,1139
1443,MysticSlice,0,358
1443,redoc117,614,743
1443,K-Code,863,762
1443,Iizy,892,789
1443,ok_22,512,423
1443,johnson10024,1385,1243
1443,__J__,869,767
1443,panoti,584,715
1443,vishrut_42,0,358
1443,mhsi2005,887,785
1443,as79,850,749
1443,iamtourist,1174,1052
1443,NeroXD,0,358
1443,Pranto18,866,765
1443,midi,914,810
1443,Venturel,1119,1001
1443,clanmember,1054,942
1443,GarbageValue,833,734
1443,repegfrost,1084,969
1443,Satyam1104,779,681
1443,NightRage,1361,1222
1443,shubhi_1407,1168,1047
1443,IITauqeer,1240,1112
1443,OpiumCat,1320,1185
1443,rajaayush65,630,538
1443,nat_woa,1050,938
1443,kazeyoshi,1025,914
1443,Zuko_07,1060,947
1443,MOMEHT,0,358
1443,yogesh_sirsat,1067,953
1443,Utkarsh_9,1003,894
1443,vishwakarmaabhishek31,581,491
1443,nithinkumarrockstar,713,753
1443,rpashuto,827,859
1443,Arinjay_24,1106,990
1443,BigCubeCat,853,752
1443,rraj0511,817,810
1443,mdemonp10,742,647
1443,Accepted__ohhhoohh,616,524
1443,jhamayank996,628,756
1443,seg__fault,730,849
1443,prasooo,0,358
1443,191b261,746,784
1443,akshith6212,886,831
1443,iaish,446,659
1443,hyperflow,1003,894
1443,ayushkumar26,773,888
1443,shubhamsharma668890,877,866
1443,-Rafid-,1039,927
1443,Ashu_4,604,734
1443,hgupta01062000,701,606
1443,greatpk2012,902,889
1443,sam_hacx,585,495
1443,Algo_25,793,695
1443,Akashsaxena23,1158,1037
1443,fazalahmad835,1286,1154
1443,Shah_Newaz_Sarkar_Setu,1069,955
1443,kushagra_21,755,658
1443,Sjoa,1177,1055
1443,noo00b,375,594
1443,daar9251,567,478
1443,pakhandi98,560,470
1443,veduzz,1037,926
1443,_apache-,1124,1006
1443,coderRitvik,829,729
1443,kaiboy,497,410
1443,Letscode_sundar,0,358
1443,_Fallen,488,696
1443,ozgurokumus,384,602
1443,Aniket_29,595,726
1443,CrazySilver,964,857
1443,army_red,738,643
1443,ts101,738,776
1443,EKursanov,1201,1077
1443,pawpaw_,838,738
1443,Carrot_luuvan,1429,1398
1443,ashwet3101,812,806
1443,adkood,649,557
1443,Fucking-new-start,750,928
1443,____________________,1015,905
1443,Shantanu11,356,577
1443,Eraserhead7,1375,1234
1443,IspanetsFS,1137,1018
1443,minnal,1230,1103
1443,blazer_rage,1034,969
1443,Anmol_Tomer,788,782
1443,aideepak,879,777
1443,rand12,1062,948
1443,tanzimahad_7,903,847
1443,andreyyyy,1051,939
1443,SantraChai,556,466
1443,noobGuy,845,836
1443,peace.1,1282,1151
1443,nirpendra09,358,579
1443,.lazy_,1422,1276
1443,mon0pole,819,720
1443,tlamia285,0,358
1443,580D,1072,958
1443,hrp,960,853
1443,Naphthalene,1130,1011
1443,Amruta14,657,782
1443,mr.bean03,1270,1139
1443,jigs4w,933,918
1443,aovsiannikov,680,586
1443,hitu04,603,513
1443,VAS40,919,815
1443,Beerus789,951,845
1443,NeoN1207,1395,1252
1443,dv.jakhar,1241,1113
1443,say_yas,812,713
1443,lekhesh_12,963,903
1443,rajkumar62506,1372,1232
1443,mikesh112,358,579
1443,1111111111111111111,495,407
1443,Avnee_Jadhav,715,755
1443,klim00,1225,1099
1443,saini.mn23,713,618
1443,Aureole,1311,1177
1443,N8A,356,577
1443,shivs,366,586
1443,lT__Tl,403,620
1443,Jcsq15,356,577
1443,sashwatbhardwajsingh,709,749
1443,arjunsing123443,854,753
1443,hghgthifg,0,358
1443,sharmakirti,766,717
1443,fake_gagan,584,494
1443,DeathSTORM18,863,762
1443,Flying_coder,773,676
1443,handler123,840,740
1443,player04,1166,1045
1443,amt101,1176,1054
1443,guhasarthak,373,592
1443,WaTleAcAc,1103,987
1443,visheshguptavgr,1031,966
1443,Aman_Nafiz,680,586
1443,bhayanak_atmaaa,501,708
1443,saumya56,790,824
1443,tumhari_mummy,480,688
1443,REEED,644,551
1443,omar_chowdhury,1213,1088
1443,lzyhh,1070,956
1443,Tasin_Mahmud,379,598
1443,Tunechi,1214,1089
1443,tripping,1352,1214
1443,keizog,0,358
1443,Shobit,377,596
1443,llggcccc,1089,1062
1443,timofeySS,1075,961
1443,greatcode96,807,918
1443,NoOne-.-,1071,957
1443,Breaker-iwnL-,0,358
1443,2n1,1076,962
1443,Rottenblasters,1360,1221
1443,spartanleonidis,993,884
1443,dipeshkn,917,813
1443,jenilpatel,837,737
1443,weiyangs_le,882,871
1443,complex_101,787,690
1443,Nimiciaap,1070,956
1443,jpj2000,835,735
1443,mukeshkr03,946,887
1443,abaraa_ka_dabraa,999,890
1443,YodaMutou,408,624
1443,shalekberli,584,715
1443,kalzor,1306,1172
1443,nitukhasyap09,0,358
1443,i_m_rj,1176,1054
1443,mmpataki,684,807
1443,sajibshayan,624,533
1443,prachi_29,1039,927
1443,LoveHuaHua,0,358
1443,Chasty,978,871
1443,_boundLess_,1281,1149
1443,instantramen,1157,1037
1443,dreamkiller,984,876
1443,prodigy33,357,578
1443,Ishitas08,824,772
1443,cosmic_enigma,965,905
1443,A_j_,396,614
1443,sakshi3801,784,686
1443,Rb2.3,755,707
1443,TooRistt,866,765
1443,PalVikas,357,578
1443,mahipalsingh,0,358
1443,Kuldeep_Saini,580,711
1443,Not-Strong-Enough,702,608
1443,M4244,0,358
1443,Hate_Me_More,694,600
1443,Killever,1481,1329
1443,nithishk.ips,1155,1034
1443,trishadebnath,0,358
1443,Rukaiya_Amin,610,519
1443,hcidMTA,416,631
1443,daddy_puff,649,556
1443,vikash14609,0,358
1443,Tyrionsahuji42,893,837
1443,Dewang,393,611
1443,sakura_ZFC,1200,1076
1443,fbesjfcg,976,868
1443,noob128,1437,1289
1443,rawatkaran930,1128,1010
1443,ACeed,1553,1392
1443,Mr2520,975,994
1443,erriio,530,442
1443,-_-A-_-,761,757
1443,i_am_the_smoke,865,763
1443,ayushrathore,0,358
1443,INoob1,769,672
1443,anjalikumari201718,721,626
1443,Lodestar,596,726
1443,AmishM,1252,1123
1443,SunMendi,618,527
1443,shamblesFTW,921,817
1443,shekharsomendra,0,358
1443,JD07,1088,973
1443,Sharif_Ekram,1202,1078
1443,moshiurhridoy,520,431
1443,maayeesha_,731,636
1443,Im_newbie,773,676
1443,m_cartagena,0,358
1443,jagadeesh19,1376,1235
1443,chen_an,1290,1158
1443,Gaurav_Dwivedi,394,611
1443,anuragsati7,1279,1148
1443,Sextilis,1064,951
1443,r7665415553,905,931
1443,ani_law17,1226,1099
1443,anonymous_51,1170,1049
1443,wtupdl,710,831
1443,amansrivastava905,1010,901
1443,kkkkush,1262,1132
1443,Izuku.Midoriya,999,890
1443,cse180001035,1119,1002
1443,sarthak_bharadwaj_,1474,1322
1443,loklakjkj325,1204,1080
1443,logicful_coder,608,517
1443,dastryu,785,687
1443,WillBeBackSoon,1101,985
1443,chicken1925,1200,1076
1443,TimurDzucev,0,358
1443,madhav2928,676,800
1443,Demonsayer2105,1216,1090
1443,adityasonani,1032,921
1443,nasha_ho_to_coding_ka,985,877
1443,Genysis700,659,567
1443,vda96,1363,1224
1443,soitakahashi,764,880
1443,yashpandey73,737,641
1443,kuldeep_mr,871,769
1443,qwerty0399,1250,1122
1443,biswajittlh,626,754
1443,shivs2000,1135,1016
1443,SaIah,1897,1695
1443,cezarmoisa,760,797
1443,Saheel21,1061,948
1443,GrkrRaj,0,358
1443,DemigodTheCoder,375,594
1443,LAARA,897,794
1443,tranluixuong,837,737
1443,Divyansh_Vinod,919,943
1443,khushisancheti2102,985,924
1443,jxchen,661,786
1443,londey,872,771
1443,iliccmarko,1389,1247
1443,isaacdll23,715,755
1443,JinerGenkai,1503,1348
1443,HARSHIT_TOMAR,794,696
1443,Ryuk07,607,737
1443,Unknown_Hacker,1010,1026
1443,Ventricle,791,826
1443,aatrip29,975,867
1443,serorjb,994,932
1443,Rafi92,1088,973
1443,hayatto,-1,-19
1443,Wanna_be_orange,1183,1060
1443,da_Vinc1,964,857
1443,suhanijain317,994,932
1443,Nestik,966,986
1443,Div4SucksLikeYourMum,1766,1580
1443,Fabio_dlt,750,654
1443,lazyelegance,1192,1068
1443,Wuko,357,578
1443,AbdullaNurFaisal,842,742
1443,abhinav-p19,1040,929
1443,suaeb_ahmed,860,759
1443,HatemSaad,834,865
1443,s23v_machin,441,654
1443,clocker78,0,358
1443,devangs121,778,681
1443,Ashuatp,356,577
1443,xubangke,1079,965
1443,ahmed_111,639,547
1443,pragyya9,720,760
1443,ilucy,698,819
1443,__Samia__,368,588
1443,Haok,1131,1013
1443,rohithhari,0,358
1443,Rush_Hour,1144,1024
1443,ransomcoder,428,642
1443,Stealth.py,879,777
1443,rg63,951,845
1443,athosjXY,825,726
1443,nikhilgujrati1999,0,358
1443,aasourav,597,506
1443,Yoo_Jeongyeon,401,618
1443,lzxzz,769,806
1443,FOX4ROT,372,591
1443,danny256,1039,927
1443,asqre756,974,956
1443,prashant_maurya_109,356,577
1443,HridoyHazard,712,618
1443,yanhao,850,841
1443,AkramKhan,1385,1243
1443,enigma0611,1020,910
1443,Himansh0180,599,729
1443,_luffy,0,358
1443,sudhanshu1306,929,915
1443,Surajit_Roy,469,381
1443,DrTholan,787,822
1443,Stuck_at_Area51,711,616
1443,2019030004265,933,828
1443,TG0209,969,862
1443,Dukkha,854,753
1443,MohamedAdel,581,713
1443,wargang,357,578
1443,swapnilganguly1234,1298,1165
1443,satyam_kant,995,886
1443,Lucidia,367,587
1443,pinnacle_20,356,577
1443,LINGXIN12,1134,1015
1443,giantweekbold,1098,982
1443,xuyuchen,846,837
1443,hello2021,987,878
1443,ADOHAHA,806,799
1443,Joy-Boy,902,799
1443,ishita_21,798,832
1443,_Hain_,896,884
1443,tasfia_nayla,541,451
1443,K_thread,772,768
1443,lukas_rimkus,0,358
1443,bicycleboy,1556,1395
1443,didarula128,356,577
1443,aayushh,875,773
1443,Clariney,642,768
1443,naeeem,1264,1134
1443,harshsinghal54,1023,912
1443,sekkaro,439,652
1443,singhdks23,971,863
1443,xinata,577,709
1443,Nikkitha_gs,372,592
1443,hacker_prime2,932,827
1443,T_Nady,956,850
1443,SGrade,1027,916
1443,EmadSamy,633,760
1443,Ali_Elgedawy,1046,934
1443,stuck_in_grey,1138,1019
1443,Deep55,857,803
1443,azam5730,1277,1146
1443,BigWhiteRabbit,1567,1405
1443,Darkripple,854,753
1443,Strong_Zer0,0,358
1443,KrolXD,0,358
1443,cp_guy,800,702
1443,Anubhav_105,1047,935
1443,ashraybharambe,1189,1066
1443,singhjeevandeep1999,1059,946
1443,jitendersinghbisht123,0,358
1443,code_beast7,682,805
1443,priyalsharma22699,815,716
1443,can_i_be_kira,1110,993
1443,heba_allah_120918,820,721
1443,dummy1806,914,810
1443,thanda_pani,351,266
1443,aasimamisaa,956,850
1443,arifa_sumbul,759,875
1443,XaRDKoDblCH,1073,959
1443,200110,356,577
1443,fake_hello,0,358
1443,Jeetu_48,890,834
1443,LiQUiD,889,786
1443,zinova,619,748
1443,kavishgupta18,950,844
1443,rajat2951,1402,1341
1443,sumitpatnaik2798,764,667
1443,Redoy50,671,578
1443,igorqs,1566,1403
1443,MengWH,1631,1461
1443,snehaa1989,375,594
1443,rivetz,603,733
1443,DpSwitch,493,700
1443,keshri_ka_baap,924,867
1443,MubeenK,972,865
1443,The-CS-Student,408,624
1443,harsh_9in,935,830
1443,Eddagdeg,1218,1092
1443,keshavthakur676,729,768
1443,leu_naut,1300,1167
1443,Teva,923,818
1443,__Rab__,714,619
1443,yfati,439,652
1443,_its.abhinav_,1282,1151
1443,mashengcun,1069,956
1443,RangaCoder,0,358
1443,Ierus,1098,982
1443,Rohan99,0,358
1443,shark111,1218,1092
1443,praveen.123,967,860
1443,jann__,882,779
1443,snnt,1438,1290
1443,kekit_rei,804,838
1443,ysj1173886760,1582,1418
1443,mdshazeb123,722,627
1443,Vineeta_p03,944,838
1443,Crackcode,860,759
1443,gauravgrx,827,728
1443,my_alt,1235,1108
1443,sumitrawat10,843,743
1443,arin48,819,812
1443,8frames,1234,1107
1443,aavishkarmishra,1164,1043
1443,codeToCompete,771,766
1443,WorkIsMyLife,804,705
1443,as_runtime123,752,789
1443,prerna2603,821,721
1443,ahmed.mhmdy,1376,1235
1443,Akash885,0,358
1443,starktony,865,764
1443,dummy04,1512,1438
1443,210gaurav,629,538
1443,-veIQ,1009,899
1443,michael_jordon,1373,1232
1443,Jesse_Pinkman--Bitch,1014,904
1443,BMRRAH,755,658
1443,DipayanDasgupta20,800,794
1443,ht_03,927,822
1443,exlxd,1348,1210
1443,F3AR,1075,961
1443,raju_molla56,723,628
1443,jtrip,357,578
1443,Bryma,972,864
1443,JAHID_KARIM,367,587
1443,__Victor,1132,1014
1443,garviturwey21,1075,1007
1443,MISHARTA,804,797
1443,aaamiiiiii,926,821
1443,strange_gk,984,965
1443,fidato.july13,758,795
1443,Honeyy,443,357
1443,dozerex,1135,1016
1443,gyf23333,1361,1222
1443,mahendramaahi,709,749
1443,MautKaFarishta,0,358
1443,random567,429,643
1443,MastAadmiAshish,1429,1282
1443,vish_HItesh01,724,763
1443,yuvrajpuyam,660,785
1443,tarunesh1234,387,605
1443,apurv001,1267,1137
1443,ZahinAwosaf98,693,599
1443,ashik_saini,1033,922
1443,archie8,758,662
1443,1123581321,1391,1249
1443,linlous,356,577
1443,saurabhtrigunayat90,358,579
1443,ark09,0,358
1443,ashwin.saxena,696,818
1443,fomomomo.py,898,795
1443,mooseq,942,836
1443,cage,1452,1303
1443,noocow,1098,1070
1443,C0de_Beast,0,358
1443,Mahafuj,804,706
1443,Avishek124,789,739
1443,pinchu,1386,1244
1443,abhay13901,1104,988
1443,moamen_khaled,0,358
1443,steiny,1373,1232
1443,JennyQ,1101,985
1443,hola_hola,1109,992
1443,desperation,0,358
1443,adarsh1130,1390,1247
1443,GudduBhaiya.,804,797
1443,GoshaAmbartsumov,373,592
1443,soulgugu,679,585
1443,gouravmodi321,785,820
1443,yash9274,984,876
1443,Arvind_Singh_Kav,1052,939
1443,Alamgir_58,1154,1034
1443,kp_863,1315,1180
1443,bazooka14,794,828
1443,LemonBlue,1331,1195
1443,ksgfk,691,813
1443,2017331033,780,682
1443,dufresne_1949,1158,1037
1443,jashdeepnegi,0,358
1443,saigeerath,1138,1019
1443,_milon_3.4,516,427
1443,shujauddin.siddiqui.1998,419,634
1443,Eloik,0,358
1443,rainboy,1111,994
1443,BloodEagle,942,836
1443,VIXII,896,793
1443,Mr_Crusher,629,537
1443,sarim2000,455,368
1443,hustler01,859,806
1443,Silly__coder__,1068,954
1443,isshu9945,986,878
1443,paimonn,0,358
1443,DemonSlayer18,1056,943
1443,Perfect__,391,609
1443,omkarg1417,942,836
1443,ayushsatyam146,1108,991
1443,Rohanfizz19,0,358
1443,onj_ovie,849,748
1443,CoderKapoor,920,863
1443,kopaba,1328,1192
1443,garvitkansal,1426,1280
1443,rsa4s,997,888
1443,jaybatra,376,595
1443,theGhonamiey,0,358
1443,Md.RahimUddin,790,784
1443,zahangchao,382,601
1443,__Taohid,903,847
1443,OmarSalazar,1242,1114
1443,I_hate_bruteforce,1005,896
1443,DaddyDannyDevito,583,714
1443,sanchit1053,452,663
1443,jaiganesh21,849,748
1443,viveknamaye,991,882
1443,bkunjesh,1027,916
1443,JJ_29,898,795
1443,bariQ,846,745
1443,usgn94,1213,1088
1443,ashu326,1031,920
1443,Newbie_Again,672,578
1443,abuuDarda,1107,990
1443,Insane_Wizard07,652,559
1443,We_have_Choices,801,913
1443,aky121,1389,1247
1443,tanvir_ahmed96,687,594
1443,SerIously.AA,1359,1220
1443,rajjaiswal07,831,732
1443,ajayraj5,1021,911
1443,axmunoz,0,358
1443,mechanical_guy_12,851,881
1443,the_skid_goes_brrrr,400,617
1443,KANKAN,1654,1481
1443,suprabhat_25,929,824
1443,sxy666666,1110,1039
1443,knnithish,1048,936
1443,Xobhad,810,712
1443,soolabettu,1033,921
1443,chirantanbanerjee,1056,943
1443,guriyakumarigupta551,578,710
1443,rmssajjad,447,361
1443,Shuinspirer,749,653
1443,arthitapaul_3,850,841
1443,vikashKmr,918,904
1443,Acruse572,1086,971
1443,suru1206,0,358
1443,Gasan_Guseyn,1154,1034
1443,igneous_25,589,720
1443,Prabhat0602,645,771
1443,ysshu_5454,0,358
1443,Tadanoningen,847,794
1443,alcatraz27,1150,1030
1443,Abu_Farhad,981,873
1443,nik09877,735,773
1443,rajput627,418,633
1443,sathwikreddy101,446,659
1443,arod.571431,0,358
1443,Bouncer,1693,1516
1443,shohanfeni,756,793
1443,shankha123,1118,1001
1443,shaurysrivas,924,819
1443,PiejanVDC,0,358
1443,varidhi,591,722
1443,pronob1010,1031,920
1443,Retro_Vision,1317,1182
1443,y_men9_dva_po_literature,1579,1415
1443,Ausmosian,1714,1534
1443,xkdlaldfjtnl,1151,1031
1443,RagnaLP,390,608
1443,shubhambartwal58,613,742
1443,pranaykrpiyush,1114,997
1443,naveen_8801,750,654
1443,Emama.emu,1282,1150
1443,SomethingRed,1063,949
1443,firdausia,364,584
1443,vamsi-07,1283,1151
1443,hhh__333,941,836
1443,abacaba_,1135,1016
1443,hexadex404,788,691
1443,gungnir1203,0,358
1443,anand.akshay23,1219,1093
1443,Lupercus,1050,984
1443,himv1998,876,774
1443,SokoMix,0,358
1443,tuntai_11,1335,1198
1443,Chakshu_Verma,976,868
1443,_ALmonD_,714,754
1443,Mr_Ryotsu,1204,1079
1443,vinaymit,685,591
1443,unbeat01,578,710
1443,5C585C52,1437,1290
1443,socha,1776,1589
1443,Rating_Moye_Moye,839,739
1443,butterfly232,374,593
1443,saxenavaibhavias,786,821
1443,Logically,785,735
1443,qiulin,1101,985
1443,anjalibera,773,676
1443,whiteWalkr,1206,1082
1443,700iq,691,597
1443,another_love,941,836
1443,humlefool,698,604
1443,aakii,0,358
1443,last_ask,0,358
1443,vel1024,960,853
1443,AmanJolly,788,823
1443,kumar_alok12,0,358
1443,keshavkr_1310,0,358
1443,1000iq3,634,542
1443,mauryashashish,1042,930
1443,Visenya_2506,586,717
1443,Komal__,590,721
1443,lucerna,1119,1124
1443,18o3,1128,1010
1443,SD8,591,500
1443,SHAHNUR00,399,313
1443,Troy1110777,519,430
1443,TIN-slayer,934,829
1443,MilesCool,1006,986
1443,vardhan_2602,773,676
1443,bhaveshjain127,428,642
1443,Gourhari_s,0,358
1443,ayush_07,957,851
1443,0verHaul,1420,1274
1443,pandey_03,967,860
1443,hejifei,1142,1023
1443,sushant3kumar,1265,1135
1443,cf_newbie,585,716
1443,mehulbanga2002,600,730
1443,ankit_k24,997,888
1443,Mritunjay19,1275,1144
1443,hrithox_1729,722,761
1443,BugsHunter,867,856
1443,divine183,1048,936
1443,triiii,952,846
1443,hj007,1062,949
1443,BUCTCSNOi,755,792
1443,prekshajain,902,846
1443,blueboss,570,703
1443,Chaudhary1999,0,358
1443,Ashes47,1271,1141
1443,GOLAM_MOSTAFA_MOTI,0,358
1443,ahmed0x_100,356,577
1443,mockhandle,0,358
1443,be_purple,1745,1561
1443,Projekt,0,358
1443,zhanibek2002,992,883
1443,rohiran321,1145,1071
1443,lokesh_daga,1166,1045
1443,123Loser123,1023,959
1443,satvik.dhingra3,999,890
1443,snkt_99,1072,958
1443,rahulsingh28082000,1169,1048
1443,We11Done,874,772
1443,__AnshuPatidar,367,587
1443,AK_OP,1259,1129
1443,Kaanu07,1604,1437
1443,pokerstar,1371,1230
1443,ray_dioactiv,1542,1383
1443,charan_m_r,380,599
1443,divyashk,943,837
1443,anonymousguptochor,1159,1038
1443,LastStyleBender,1035,923
1443,240199,357,578
1443,rushmodi,478,687
1443,__RJ__,905,892
1443,Ankit,1348,1210
1443,adi123bhaumik,591,722
1443,pi129,888,785
1443,moreghy,1110,993
1443,Sumit_puri,935,830
1443,RipunjoyM,417,632
1443,tchoutch,695,817
1443,chiragkhandelwal,885,783
1443,aditya_ml,823,816
1443,testerAccount1,938,832
1443,rsingh3_be18,832,824
1443,Eva2,650,776
1443,Mahmud_Maahi,1009,899
1443,devansh_0007,737,641
1443,Vibhanshu17,1075,961
1443,Sourav_Basak,610,739
1443,albinthomas130,0,358
1443,King_VI,1067,953
1443,KhavidBap,832,732
1443,nav._.yea,834,782
1443,MuktoKaro,1002,893
1443,Tushar22_12,1056,989
1443,_moin_,702,607
1443,kashyap_raj,0,358
1443,Dr.Reckeweg,1245,1117
1443,bl0n_der,909,805
1443,DiSTRuCtO,978,871
1443,kelso,818,719
1443,ankitsadhu7,622,750
1443,fukrey,867,765
1443,thatsramen,368,588
1443,Swapnils007,357,578
1443,j_h_r,356,577
1443,Marshal23,1155,1034
1443,anjandey946,0,358
1443,shiva_,908,804
1443,syyyx,1194,1116
1443,Mrbeaches,922,817
1443,qazwsxq,1,-18
1443,Cin_cout,1182,1059
1443,Awakened_me,1139,1020
1443,logicD,0,358
1443,Greyhound,983,875
1443,zzzode,938,923
1443,sanchit270998,1085,1016
1443,yixxas,1126,1008
1443,sriman_chetan,384,602
1443,somilbaliyan,1046,934
1443,stronger_than_yesterday,848,747
1443,Itachi_Uchiha007,1007,897
1443,AbuSufian,870,768
1443,SOHAG_007,647,554
1443,SmitVavliya,1035,924
1443,Serial_Chiller,353,574
1443,Bad_Algorithm,834,865
1443,itsmeash,825,726
1443,adibhossain,1095,979
1443,vanya12,797,699
1443,kaizoku_zoro,1246,1118
1443,ankur_s,808,757
1443,Piyushi09,0,358
1443,VavliyaCompany,427,641
1443,r.aravindh241997,1055,942
1443,Bez_sahara,1242,1114
1443,_Israel_,358,579
1443,The_mysterio,1120,1003
1443,chainhammer,602,732
1443,Heyhue,1382,1240
1443,I1I1I1I1I1,1244,1116
1443,ke_123,996,887
1443,LAMIYA_LT,789,739
1443,vidularajain,636,763
1443,Janiravirash,359,579
1443,UdaniRanasinghe,636,544
1443,idkgaming,952,846
1443,mayank.mandhani.mm,1145,1026
1443,victorian_daisy,0,358
1443,Shanmukh04,1132,1014
1443,tarun.sehrawat,862,761
1443,tunna,1042,930
1443,sk_the_coder,1050,938
1443,17ucs022,1232,1105
1443,rb09,0,358
1443,juruo233,963,983
1443,enemy_12,1580,1416
1443,haridy,361,582
1443,AHMADUL,987,878
1443,galaxy_999,360,581
1443,eroheta_No.1207,1435,1288
1443,Junayed112,733,637
1443,Amdadul,1269,1139
1443,kunsistent,1099,983
1443,never_settle_84252,994,885
1443,newbie_for_eternity,1058,945
1443,nobodyknow,1477,1369
1443,deepak2001,775,678
1443,LucaBarba,752,789
1443,Okayul,945,929
1443,aryanv28,1157,1123
1443,hemant17,1352,1214
1443,sarojshiva9936,737,776
1443,Baynazar,772,675
1443,_Tarun,942,836
1443,bhaukaal_baba,0,358
1443,sky_coder_,1117,999
1443,NGUP,1238,1111
1443,madhav154,856,755
1443,vutt,791,786
1443,purvadua,356,577
1443,PapelFlame,1406,1262
1443,lastcomrade,603,512
1443,prachi1179,847,838
1443,abhishek12000,0,358
1443,lazymee,806,707
1443,Ghadi_21,778,681
1443,prasantkpatel,846,793
1443,EndlessMasterYee,860,889
1443,Shadowmoon2k,1081,966
1443,rishavm47,1061,948
1443,harmonpreet012,1061,948
1443,SakshamRohilla,487,695
1443,Hridoy31,729,634
1443,ayussh,358,579
1443,phenomenal1,1057,944
1443,bytm,1316,1181
1443,mish_divya,1165,1044
1443,seemyprogressnothandle,847,747
1443,wittyshreya10,1359,1220
1443,Elixer,673,579
1443,sbarney57,364,584
1443,captain.ARA,742,647
1443,aniketr,1371,1230
1443,Ryuk10,358,579
1443,Icandoit1,793,827
1443,arivappa68,363,583
1443,Shuvo3111,622,530
1443,Randumkeng,1231,1104
1443,atul_pandey94,1215,1090
1443,TaawraaT,778,774
1443,mohiit.singh600,910,806
1443,zhennanqumingzi,804,838
1443,3406506035,0,358
1443,yathansh.2014,1059,946
1443,amp_jn_231704,879,824
1443,divya246,356,577
1443,sabse_bada_noob,863,762
1443,peeyush2000,930,825
1443,jas123kamal,803,752
1443,ritika_dhawan,1291,1204
1443,sarojku17,1256,1127
1443,olesyaok,438,651
1443,pAranoIa_,638,765
1443,nutanthapa18,631,758
1443,aadi_007,1174,1052
1443,ratankumar19,575,707
1443,DetoAce,946,840
1443,Setztezkin,0,358
1443,Random_16,937,878
1443,Abdurroshid,1083,968
1443,Cristian_Daniel_Boabes,0,358
1443,Oshayer_Siddique,804,705
1443,yungyao,1015,1030
1443,OnFireVivek,1084,969
1443,_code_babu,625,753
1443,GreatNeeb2021,936,831
1443,Brother_mohit,1376,1235
1443,taskmaster2502,0,358
1443,Corogly,1312,1178
1443,ArYaN_AbHi,981,873
1443,yadav_gaurav,800,912
1443,aapu,723,842
1443,whateveryouimagine,0,358
1443,akash-ind,1114,997
1443,XORcist,916,812
1443,Expert_hobar_cai,401,315
1443,Nabultra,784,734
1443,Gaurav_Tewari,737,641
1443,jvruo-and-caiji,579,711
1443,adi19981022,1105,988
1443,frozen_RD,516,427
1443,RuanCat,397,614
1443,ilikeeatfish,1070,1080
1443,Gausstein,1101,985
1443,shrinidhi99,644,552
1443,Varun200,1002,893
1443,mayeed,501,413
1443,anil967244,0,358
1443,amanyd,363,583
1443,Anuranjan,652,559
1443,ElectronicsEngineer,652,559
1443,funkid,357,578
1443,tryingg,937,831
1443,ar137375,759,663
1443,ak2783934,1145,1025
1443,_Kaizer_,1443,1295
1443,Yogesh_Nazi,1270,1139
1443,_irohasu_,1119,1002
1443,demolished,797,699
1443,Amaras,1057,944
1443,Korosensei,892,790
1443,Nullcoder1,874,772
1443,Antor_Sarker,798,792
1443,singhumang305,398,615
1443,anirudhchowdary123,755,658
1443,aniruddha_deb,741,859
1443,forecaster,765,668
1443,abdomorsy389,832,732
1443,Demetron23,738,776
1443,vishal_090,440,653
1443,Atharva_11,825,773
1443,absentG,357,578
1443,who_knocks,1277,1146
1443,i_m_riaz,908,804
1443,nitish1306,1238,1111
1443,kumarankit1041999,1204,1079
1443,Pinocchio,700,606
1443,ayushi209,818,719
1443,GreatPretender7,356,577
1443,samargupta114,356,577
1443,homeboy_445,897,794
1443,my_temp_id,900,796
1443,code0lord,963,856
1443,ajinxrathod,1150,1030
1443,secret_me_1,665,572
1443,FullFocus47,593,723
1443,forfs,564,475
1443,snitron,364,584
1443,xinyan000,621,530
1443,____npr___,680,586
1443,DharmeshBangara,466,380
1443,invisible_matter0826,1386,1244
1443,kaislash.,1117,999
1443,god_of_god,975,867
1443,Ahm99,660,785
1443,pmanish47,0,358
1443,dootslayer,1557,1395
1443,aritrasinha108,0,358
1443,souvik03,598,728
1443,harshverma121,712,752
1443,shravanjp_79,358,579
1443,error6176,913,856
1443,Flaming_Phoenix,1131,1013
1443,singhkushagra2403,978,960
1443,theiconik,390,608
1443,codecstasy,670,577
1443,saish24,390,608
1443,rupeshjha909,854,753
1443,aniketsureshsasane,370,589
1443,abhishekmyana,0,358
1443,Marosick,1135,1016
1443,scary1321,626,754
1443,Wan_Song,921,816
1443,AlekhineBattery,596,726
1443,kk_451,378,597
1443,jatin_yadav247,577,709
1443,KevinWatchingyou,0,358
1443,kay_,0,358
1443,giniter,855,801
1443,yukta123,1347,1209
1443,Harin_Khakhi,1021,910
1443,ron_weasley27,1237,1110
1443,Suraiya0040,280,196
1443,sajbensemul,812,806
1443,Adityaraj5200,358,579
1443,krishna5811,746,650
1443,swapnil_pallaba,896,922
1443,agarwalsahil97,1057,944
1443,WizardAP,870,768
1443,someshfengde,720,625
1443,beurself,853,752
1443,kavyakrytpic,1034,969
1443,ouerwt,984,922
1443,jkeerthi_21,1034,922
1443,_noob234_,909,806
1443,vishalmourya_01,1012,902
1443,__kira__,1152,1032
1443,ZJ_fengzi,358,579
1443,sher_locked99,1404,1260
1443,Shrishty,939,881
1443,ammumike,592,722
1443,itsshahin,374,290
1443,duongg711,449,661
1443,outworn,616,525
1443,Abhishek_S_Shrivastava,900,888
1443,fakekul,1184,1061
1443,rohit_0_0_7,1341,1204
1443,thantrongtri2,0,358
1443,hotaru,1351,1213
1443,namitaarya2002,596,726
1443,sephiroth_117,1350,1212
1443,shenunko,0,358
1443,MOHAMMED_RAHEEZ,858,848
1443,3abka,391,609
1443,CWJ_123,0,358
1443,deep_tricks,1232,1105
1443,vinxenzo,358,579
1443,Hair-Monk,689,811
1443,Fisven,1209,1084
1443,tsnX_7,0,358
1443,runtimeterror69,1075,961
1443,noobie541,1250,1121
1443,Rohan_singh218,688,595
1443,monojit,729,768
1443,the_eppisai,1070,956
1443,mostafa_gamal_564,1098,982
1443,Abd-Alrhman.A,409,625
1443,pp__1,1124,1006
1443,cod_s0,742,647
1443,nayan2208,968,861
1443,juuzou,644,771
1443,ramisaasha,0,358
1443,manmeet_singh,630,758
1443,somerandomdude,776,679
1443,daler12cool,390,608
1443,chocolatie,1124,1006
1443,ABnotIsBoBo,0,358
1443,Zerin_023,652,559
1443,StillWalking,1176,1054
1443,varsha765.vc,1107,990
1443,Sparkk,1530,1372
1443,shashi_punia,881,778
1443,sharnit,920,815
1443,nevertheless,1286,1154
1443,CBBM,361,582
1443,wonder_women,1069,1002
1443,__Zahid__,1167,1046
1443,nehal03,1017,907
1443,SiriusWhite,383,602
1443,UPP79,562,472
1443,nam2312,785,687
1443,ShitBreak,1108,991
1443,-O_w_O-,857,887
1443,imuttam24,801,702
1443,adarsh_singh9,964,857
1443,Aryan.namuhsnA,1168,1046
1443,prach2191,1257,1128
1443,crimsonpython24,357,578
1443,iamskp,1272,1142
1443,yu__xuan,1416,1271
1443,ln_nl,1391,1248
1443,10086ha,729,768
1443,X.sa,403,620
1443,zaildar123,1232,1105
1443,dash-ma,0,358
1443,Soumen1111,881,779
1443,dakshpokar,979,871
1443,asdfgjk,1000,891
1443,__silvimalik,617,745
1443,TestAnswersHere,753,657
1443,sharingan1512,817,766
1443,itsmohitchahal,1057,944
1443,ICraZZyBoY,1304,1170
1443,cement,734,639
1443,Krolo7,0,358
1443,suryanshusingh,756,660
1443,irawhsehamtimus,909,805
1443,guptaishita,1044,932
1443,namquan_No.1207,1483,1330
1443,ManjuM,0,358
1443,ALOKTRIPATHI,720,625
1443,teng,1542,1383
1443,sri_1729,1003,894
1443,createna,566,477
1443,islam_best_1323,0,358
1443,Hafsa--MU,642,550
1443,jsssk,0,358
1443,__AStar__,1050,938
1443,pulkitsharma77,1146,1026
1443,bharpn,1759,1574
1443,vidit_top,745,697
1443,aksharmacode,455,368
1443,DarkWhale,1744,1560
1443,nisarg_0,1059,946
1443,sayan_india,783,685
1443,K1Kz,1159,1038
1443,23111123456789,863,853
1443,Giyan,835,866
1443,bqn,1382,1241
1443,aanisha_07,0,358
1443,megasrx,713,753
1443,Anm0l_Jain,1224,1098
1443,aryan005,1413,1268
1443,Pablochocobr_0212,0,358
1443,are_vai_k_tumi,647,554
1443,akash_c0dex,0,358
1443,Branch3rs,752,789
1443,maxflow7,912,808
1443,harsh_k7,1119,1002
1443,pranjalcodes,844,743
1443,atul_22,1171,1049
1443,Bul0n4iK,680,586
1443,AAAs,1002,893
1443,ARAF420,601,731
1443,Anand1999,1098,982
1443,PhongVan,1471,1319
1443,Portal_Pirate,854,753
1443,mayur_chrs07,811,712
1443,SPOON796,1328,1192
1443,Rafi_2235,767,763
1443,vampyre,358,579
1443,mayankmohak,867,856
1443,joker_china,367,587
1443,loseRX1,642,768
1443,bogaertm,0,358
1443,dacre,939,834
1443,CoderSatwik,401,618
1443,YYDWang,0,358
1443,tourrrrist,742,780
1443,Gaurav_Kashyap,0,358
1443,Set_Victor,357,578
1443,bonF1re,1329,1193
1443,aashrith1903,797,909
1443,mult_6,1246,1118
1443,Hsx,1574,1410
